17 25
32 49
18 45
22 31
26 35
22 43
41 16
40 23
22 2
14 41
16 30
43 42
36 52
5 20
23 5
30 44
48 21
12 16
16 8
25 30
35 12
19 8
28 30
2 20
27 6
30 41
30 36
22 23
35 18
12 18
43 39
22 35
2 25
9 48
51 16
28 2
12 26
5 50
22 25
50 45
49 17
49 42
49 52
2 48
43 17
28 51
50 41
44 2
3 25
12 2
12 28
30 22
22 28
16 18
25 44
52 43
20 3
48 44
39 10
5 3
51 22
5 14
35 2
35 41
50 9
46 12
17 6
7 1
6 10
4 29
22 13
20 23
2 18
2 14
45 48
29 38
43 27
50 2
16 25
28 16
42 52
16 26
39 6
31 30
42 16
14 3
50 48
31 28
35 51
30 2
30 12
16 19
5 25
41 2
22 16
52 2
28 18
23 52
5 45
6 40
17 22
22 42
5 22
8 47
24 44
30 35
38 37
26 51
26 2
4 38
45 2
43 10
46 15
30 14
11 33
41 48
40 22
4 37
25 41
2 23
25 36
44 41
29 37
28 35
52 17
35 16
20 14
23 43
49 43
44 50
2 31
51 12
23 17
50 24
40 17
26 22
45 41
18 51
44 45
46 42
34 49
30 45
25 48
12 22
23 3
40 43
