0.11011
inf
4
18
1 0.00102
18 0.00631
5 0.00629
3 0.00106
8 0.00630
5 0.00628
1 0.00102
3 0.00628
2 0.00626
3 0.00627
1 0.00102
10 0.00630
1 0.00628
6 0.00629
1 0.00625
13 0.00631
8 0.00630
7 0.00629
2 0.00628
5 0.00629
1 0.00626
17 0.00632
9 0.00630
2 0.00626
11 0.00631
6 0.00630
2 0.00627
9 0.00630
3 0.00106
13 0.00631
4 0.00629
1 0.00626
1 0.00102
1 0.00626
10 0.00630
3 0.00629
3 0.00106
3 0.00106
3 0.00627
5 0.00629
10 0.00630
6 0.00630
10 0.00630
8 0.00629
8 0.00629
3 0.00628
1 0.00625
8 0.00629
6 0.00629
8 0.00629
7 0.00629
7 0.00630
0 6 
1 2 4 5 7 8 9 11 12 13 14 15 16 17 18 19 20 21 22 23 24 25 26 27 29 30 31 33 34 35 38 39 40 41 42 43 44 45 46 47 48 49 50 51 
3 28 36 37 
10 32 