2789,4112
3602,1132
1434,3415
3230,1996
3217,594
382,1946
2815,3665
2850,2375
4293,2046
2154,4114
3985,385
1467,4215
4193,1085
3540,2403
3538,57
2621,1634
3008,3974
2778,3002
2917,2046
669,2989
1943,1910
1714,2153
2974,2167
952,3337
2851,1228
4193,3944
1423,522
3106,1655
3334,306
3716,3963
3199,3665
3505,1089
1541,1946
321,1093
1225,2241
2163,3065
4366,1367
2161,4396
4193,2046
3281,2091
3250,1516
3568,1363
1222,407
3576,1767
919,107
1979,1940
4020,536
1452,4256
1313,6
3596,1316
384,289
339,4337
1886,775
931,3000
2813,613
2797,2027
4307,756
2235,2246
722,2718
1047,82
2084,2403
384,901
4081,2532
1735,3798
2291,3464
2119,1797
3028,3767
2973,587
599,1969
2199,2171
840,3442
3369,525
3285,4064
2757,2366
232,2542
4100,1371
2779,860
145,3060
3071,1464
2228,181
3846,2650
4388,3768
2291,3904
3615,552
1466,2756
1862,184
2828,474
115,3523
1826,1253
587,264
4024,3878
4150,3320
1203,4193
4184,3796
1432,760
3840,3974
2124,3030
213,4346
4204,589
3135,429
811,4233
1069,57
1116,920
2423,4193
787,4358
1750,780
542,700
2586,527
77,586
1027,2370
2654,1703
76,3684
3061,2321
918,2902
1706,3734
2774,2403
935,432
64,1101
4331,526
1751,3845
1168,2735
2023,323
3885,3821
1601,2448
633,3815
3557,1687
2820,3859
679,1975
2617,3572
3142,1998
3841,2394
2570,287
3829,381
2559,3290
1268,3731
1421,67
258,3702
1507,3169
475,3961
1390,2111
2767,1221
1736,698
3410,67
418,1215
2705,2385
585,260
302,3703
3325,3980
3674,137
2991,4193
887,2373
447,3537
1923,1726
946,1865
2659,2607
4123,453
774,4373
3461,1794
1830,75
608,2229
1826,2199
3387,1544
2568,1435
4020,4294
597,2321
1964,3487
3876,1865
379,941
2229,2196
3700,1519
1334,4233
2433,2074
2447,695
1244,2183
664,2800
984,3238
89,1947
1428,1518
969,1928
4193,323
2880,3707
430,1099
1128,1795
258,2061
1661,1103
3233,2774
4004,1286
3659,553
246,2347
516,257
2919,1761
1205,3810
2088,730
10,3520
4135,4233
4340,2844
11,3975
2969,2052
2575,36
3656,1138
1428,3523
2606,3468
249,1241
693,2074
3236,1865
2659,1416
3101,3074
1856,1199
124,3703
307,1461
3670,2899
3283,3584
1958,529
226,1561
422,1001
1018,4114
2628,152
77,2302
78,1490
1524,4218
1268,2547
3881,2200
332,1068
3304,1542
942,2294
2058,1752
3634,3823
390,3024
50,1796
244,4258
3976,3715
66,3081
680,2488
1854,2585
103,1928
641,3250
2624,4271
2392,1442
3264,2807
4225,1144
2578,2409
1964,4238
4109,1675
3411,1250
3853,323
1200,2653
734,1627
246,2485
2693,3715
2859,4052
293,1560
3452,1137
2374,2612
2889,619
1604,1768
737,3882
2165,2374
1429,1793
2878,1735
3742,721
114,3572
3826,1589
1245,3326
1142,1795
1087,2408
1130,411
3946,137
2917,116
2970,865
1866,4294
947,3115
1419,2208
823,304
2920,1459
2852,132
2125,1504
732,3906
2296,769
4401,2403
3019,2935
2965,2931
1355,2165
1939,3481
3432,3234
1168,514
4193,1316
1068,284
4257,766
869,899
448,15
423,4237
4170,3727
4183,1700
111,1857
1031,2214
2435,415
3411,27
2541,450
1516,433
2165,2793
444,2628
2850,3310
457,3921
2870,1214
4202,1132
1981,1734
535,3674
550,3960
4349,2598
3367,3245
1356,2905
1382,3943
334,2165
849,3008
2579,194
2042,4074
3146,288
872,3731
2095,3567
518,1067
1590,1603
3806,2662
569,1616
3118,2540
2691,3877
1830,882
4079,3002
1203,2485
1629,2171
3374,3410
1081,1865
2485,1857
3307,4242
1313,2091
3406,1634
2720,3826
2808,1380
1901,2243
488,6
1247,207
548,1374
1242,2168
1050,2687
401,1664
2929,1407
4020,2374
2878,1947
2850,2020
1405,3157
2268,1132
3528,1799
4046,4193
4105,2713
4166,260
3273,3250
2274,3629
1407,780
2048,123
4038,1604
3709,1316
3442,1109
372,2087
778,1898
2659,3845
1543,2542
597,3189
642,3112
3953,2436
453,1734
2060,613
943,3191
1052,1634
1387,3843
2297,3376
1790,3545
641,4114
3063,3327
2412,1592
3896,893
2786,139
1367,1908
493,2220
4142,2673
4374,3588
2175,1546
1535,1563
2818,3883
3365,1747
745,3005
1326,3708
1196,497
4270,2179
3368,2971
4211,1910
2468,190
3981,947
1440,1157
3987,3282
3105,184
931,306
791,3588
916,3498
1438,1293
1381,2728
2323,2632
2506,636
1953,2942
820,2820
2617,1122
3821,1268
1186,3558
3596,1544
1221,2171
3307,2033
715,1291
6,730
4342,320
4094,714
191,21
1203,2540
3941,28
1909,4015
4067,2294
2287,3565
91,2299
3384,1868
1021,595
3648,3381
4031,3037
393,132
3889,2165
3470,3383
1064,2068
844,57
1836,771
3010,2355
1382,586
3351,2928
3927,1205
3551,2171
1331,3105
1686,1970
447,1905
953,2027
3584,3974
1133,1865
4067,2230
3691,3954
3166,753
232,1093
2135,860
3363,1430
3437,915
1920,990
291,3074
1445,3825
3946,1316
3458,1884
2117,2173
687,3073
2200,4036
4040,3353
1382,2484
2300,1505
4199,693
4042,4185
2990,3263
226,3525
2182,2218
3279,3071
1086,2802
4193,2781
2020,1947
203,359
2594,113
3225,3710
2330,157
1906,2684
4246,376
3677,3030
3226,4173
3456,3731
3516,885
1648,2681
1094,1431
2904,75
2314,68
352,4087
605,3214
61,291
3310,4020
2306,3346
4313,4331
3556,2554
1496,2405
3266,436
3273,3000
2900,1316
3717,1836
1446,3880
1986,3327
2693,3805
1866,3527
4213,1700
1415,3246
191,2718
3430,2279
3035,3122
260,6
1671,2219
1068,2542
1460,1275
1040,3662
1960,1281
3487,1737
1960,1189
2306,3530
2691,3836
1775,733
3298,4290
700,1970
1284,503
2464,898
3787,9
395,4187
1171,2941
3899,3074
1574,2574
2793,4294
2688,3527
2844,85
2942,828
4020,868
2875,1970
2001,958
1834,1940
4321,2046
3396,1538
548,40
1068,2046
1540,6
3127,1201
2491,102
2072,1572
1395,3132
597,842
1144,1561
2356,529
2430,236
2138,63
3604,2081
3939,1905
4208,3697
2229,61
3833,4016
3782,1303
4269,3867
2918,1980
827,2425
2863,3594
981,901
705,2598
4069,1922
3377,4230
3251,629
1324,1396
45,1565
2027,2770
4104,3354
509,1233
2651,1227
1131,1281
2061,3154
753,1999
2200,489
182,896
3942,2279
1186,890
1920,3573
1900,1073
1132,2763
2251,4172
3050,666
2737,143
1902,1012
4236,1627
1284,2646
1301,2151
1036,2554
2752,1585
169,2775
4005,3255
1756,2179
824,1129
3965,2718
3626,1137
1196,1355
3680,4174
2365,2374
3225,3116
2853,3238
2277,1137
810,433
2424,3030
3892,4297
903,250
3945,1947
1291,1688
260,3074
546,1838
3176,171
3273,4065
3010,3594
3849,3256
1604,2027
4062,828
1565,1527
2079,2465
1704,587
1128,2222
3479,3709
527,2863
3191,2660
3463,1000
744,4337
3731,2942
2278,1532
1501,2939
4185,1540
3836,2727
4297,543
3481,1604
1810,1375
246,116
1589,610
3417,207
4315,232
527,3728
2020,536
3218,1607
4275,1233
1157,4154
836,2926
2110,4081
4401,639
2813,2636
2900,2046
4377,137
256,2116
1356,3773
907,3708
2257,666
2670,4193
1673,2403
3648,914
1495,924
3539,96
2686,620
4332,514
1757,116
3285,2294
453,1088
941,2347
2844,1768
1773,1089
17,4160
2950,2407
970,450
745,3157
2787,382
508,1630
4407,4358
1167,2846
856,4337
1097,2779
1727,92
2893,2050
590,2850
3769,3235
2338,2073
4046,2733
323,2254
4323,104
3620,4088
3602,2091
3395,1625
3357,3625
315,1179
1588,2150
2797,1015
3513,1007
2185,2851
397,209
3588,2171
2982,554
1853,1068
2991,320
3749,3056
1121,542
2230,2714
941,1615
1647,3476
575,1110
2284,2526
3966,4087
28,4139
2526,1516
3691,4361
3250,3086
2711,556
2335,1725
4185,2552
2836,138
3527,3403
3731,828
879,586
3410,2374
4237,4290
4323,574
513,3637
475,1794
3836,3074
912,3296
4336,223
1167,747
1794,675
1463,987
4402,619
4287,1865
2805,232
543,3488
2468,503
1036,2366
2535,2661
1838,455
898,1374
2797,3203
4186,4268
3250,2793
4306,3074
2868,1878
4213,2091
2774,1243
3117,2050
4193,1479
446,980
1712,2050
2308,2406
2711,1316
3273,1773
151,2713
428,1832
1019,2192
2970,3480
3644,3019
505,675
826,4074
1249,1300
748,1360
4136,1928
951,3938
2969,642
3691,1120
4377,1601
3552,2073
197,2417
566,1316
3233,1203
751,116
958,1776
1537,1768
3562,1392
2111,2695
1495,1205
1754,232
3503,1095
1780,4373
854,3191
3621,2817
3994,2050
2189,4145
2357,3296
1068,1540
3974,910
502,1015
4392,158
2316,4298
1906,116
520,333
1005,688
2909,3690
1781,3074
2656,133
933,714
3494,733
2229,786
1756,2937
637,1865
608,3945
1856,2020
2004,2171
1629,3588
2684,3946
4210,327
1121,116
2485,2876
2864,174
4143,1171
102,3087
1194,6
1036,1957
3672,2417
1955,1758
1316,3074
4308,3883
2057,250
54,4230
4377,123
3026,1237
3543,3661
3081,3792
2156,2405
1212,1614
3661,2555
3955,4233
4217,802
1966,1317
4062,1089
1403,4315
2199,3588
1309,1127
1313,1831
3691,1529
3724,2074
3086,2612
1874,2644
1516,1970
4193,291
753,2072
1113,175
1388,4347
1992,832
4067,2714
2377,1776
258,766
1336,222
3145,1250
2646,517
2259,4204
1048,2504
165,2050
2070,2712
1448,4356
3995,1946
2689,3207
1101,2240
990,3573
4189,2986
3104,3281
1480,2816
2152,4337
1436,2208
1680,1604
3281,260
1842,3814
4317,320
2595,4289
1956,2547
3410,2793
3673,491
1530,1878
904,2347
1700,4088
2324,1648
1882,3002
3665,2229
4104,972
686,3920
674,996
381,1653
1593,1398
4302,1829
61,2196
1889,2536
4031,1871
1268,1243
1268,4306
2711,3690
3953,3147
3285,2230
2322,2524
2524,2542
1900,2046
3924,683
2864,503
2651,1672
1186,3383
2531,153
3338,453
3555,2370
1216,503
3328,1071
1689,310
1440,4065
4050,1841
2281,1928
753,4076
2506,1038
633,1275
211,542
4193,4228
781,96
2438,512
1415,1269
542,2091
3873,2031
3458,3487
2138,2825
1467,1089
2991,2091
3607,959
3012,1572
3433,134
459,3252
9,1964
2156,846
3103,4279
482,606
1759,554
335,780
2113,4193
18,3792
3407,746
4019,3755
707,2732
460,2272
4292,3822
2810,3915
2061,2736
1450,2987
2844,3690
1073,2046
1221,1688
3273,1089
2154,2000
642,2052
3387,4228
4337,2240
3163,3849
2391,2112
1479,4337
2741,157
3221,2052
3062,812
1281,3663
1467,756
1471,3108
4294,536
17,2140
3754,2405
3940,3918
2354,4280
796,2062
3567,2988
3944,4193
1471,547
3815,3089
2232,2461
3593,72
256,2420
225,4255
2759,3915
3789,2190
1373,1856
3252,974
965,176
4316,1694
1213,1894
3735,3663
4141,3625
629,1729
1949,3794
48,1572
1088,3340
1234,116
3514,1138
2291,4193
1939,4065
4117,2027
2317,1528
1572,3158
825,1612
2981,2892
3240,601
4320,3867
4025,1316
197,1032
1747,1768
1540,3074
2297,2016
317,4003
4289,2152
1861,1959
2128,1749
392,1568
4407,726
3986,3408
3140,1350
3090,2385
1416,3074
3010,44
2491,1768
2333,2417
3199,1537
4341,469
1769,1888
639,352
806,3324
1613,3478
3471,3275
2458,3073
1040,1317
1796,1688
3752,1797
647,28
2596,1360
3007,2206
1028,2527
2742,1505
3497,2548
3403,2788
777,3391
3357,695
3232,218
389,2135
652,580
2821,4002
1201,1329
733,2246
395,2724
1495,3231
3436,3247
1855,3625
4227,2899
3876,1928
931,1773
2456,2074
3589,2793
325,4164
2534,68
1495,962
2268,958
2572,2294
4011,123
4003,4300
3205,2355
1538,2420
1783,1115
539,2174
3186,807
3200,1946
262,346
952,2192
39,570
2990,2420
2714,232
2056,3313
2199,3952
3731,756
893,3719
3587,171
1604,4114
334,205
2540,1686
165,516
3403,2425
2053,1858
3201,1893
234,1725
1053,2212
2003,3332
708,3690
3185,1269
2199,1688
2423,2714
4283,1441
4085,1470
1747,3000
1066,3388
3023,2050
619,4368
506,786
2941,2468
3517,2046
3556,410
1146,3336
931,2212
3230,485
1993,308
3832,525
300,1707
2488,2464
3684,1857
1053,3000
2979,853
3113,2026
712,1326
1498,2165
156,3528
2017,4123
1536,2579
636,3359
1593,3757
56,260
983,938
745,159
4266,1748
353,1305
2268,2098
3898,769
507,1633
85,687
3526,3588
2062,4121
3305,616
1953,1633
1104,642
2908,2480
3505,1053
6,123
2439,1360
4023,480
2388,3074
854,2979
536,1947
1645,3871
1640,387
1985,3921
2178,1199
3281,1776
347,745
378,1047
872,3925
3247,4280
883,3853
3272,4036
862,2046
2590,2986
1861,1572
4030,634
168,3019
2617,4090
3662,1544
3818,2740
1215,828
2255,3051
2549,3115
445,3037
1906,1121
1313,2046
2678,1691
4269,2104
667,75
3383,1780
3104,4289
4293,2547
1463,2405
2295,2864
897,4083
1963,1899
3684,1297
3856,4384
393,898
3116,2229
2476,2246
247,1519
856,1947
3801,1316
3367,2050
1639,3245
758,860
3168,1480
3749,2566
935,3974
4185,1194
518,4193
3265,110
1329,1201
558,2131
2805,3275
633,3089
1815,1447
854,912
4193,503
3665,1537
2855,1857
1705,1476
1268,137
3337,740
2075,1858
3101,4228
2907,3690
2169,2683
3628,2715
1831,6
3477,2054
1721,970
1537,2027
2876,1544
985,320
2793,1316
1285,296
2827,3354
2010,3739
1894,1337
3378,3492
2038,2027
1503,535
2513,1068
2618,2166
17,1296
3434,2909
2001,1089
65,2306
388,1395
2933,3137
789,3731
3507,2714
861,1755
411,3990
272,1505
2355,3074
574,486
123,2542
1268,2726
1215,2458
1857,3252
1415,4400
2622,2316
3424,4007
3933,1595
1673,4367
1513,503
2886,2384
4248,2764
3091,3876
3498,1767
3055,346
239,3752
1495,1549
2950,2867
2603,2119
4041,2231
4028,3503
190,639
3152,3667
187,1093
2464,1374
2410,2555
289,1572
2637,3749
374,2919
3748,791
803,3852
2021,2857
4282,2583
1103,750
2430,3378
1514,524
3010,3252
4340,2942
3,2436
3880,1425
2372,3407
3010,1544
1747,1776
3307,3697
1775,2650
1747,2942
107,2475
1475,3054
3822,2405
472,2405
4255,3503
1604,958
731,2281
2632,2323
2924,230
1813,629
678,2380
473,287
1261,3191
3239,2061
4115,2376
3218,1286
685,104
2403,1197
3971,259
3508,2357
961,2846
3587,905
3010,1977
1789,503
1540,2339
2229,1297
4023,785
4318,1701
1014,1425
3471,1093
3399,871
544,3530
4334,2514
647,4139
67,111
4241,3198
2403,801
1403,452
202,1337
737,1603
2820,3682
3501,3941
3826,1794
4134,1396
2810,807
4175,1557
1150,1093
3307,1936
2340,3403
1181,2171
3801,55
935,3577
817,2494
2811,2323
4226,922
1046,1458
2441,1100
2625,2598
3295,316
1604,2942
2540,2027
1768,3761
2263,3470
361,2233
4185,2294
1773,958
3532,819
2852,2464
1210,1780
3250,641
1694,947
1540,2294
2430,928
284,2552
2284,4347
447,3830
1258,3442
2492,370
1860,2513
522,1924
2955,914
1600,2382
2535,127
3226,4367
2940,695
2223,2405
232,2552
3860,3683
1244,3590
2751,744
2974,3576
1422,1559
2266,3335
4025,433
3803,1000
246,4193
4307,3226
4011,1436
3575,901
3458,3901
3586,3865
19,2989
4336,350
1553,757
1466,1909
2357,3077
1436,6
1739,3602
975,3204
2270,1672
538,2386
2386,4380
3809,1764
2758,1582
2705,3090
1825,316
654,3588
470,705
232,1025
2233,107
4042,1068
1700,2542
577,2405
291,3690
24,3625
2763,4337
1053,2844
2447,4296
1597,4087
2456,2179
1853,1857
2526,3041
567,2927
3187,1286
2749,3283
130,941
860,2046
3318,4093
3569,3305
2151,1914
3882,780
3655,1510
1576,2514
917,2566
4154,3761
2714,3944
102,756
3454,494
646,1068
1302,3002
1182,1583
902,1953
1731,2050
206,2171
358,619
2260,3669
1869,3469
1402,3359
649,1796
3826,3921
1701,2724
1175,3282
4038,700
1939,4355
2891,162
3363,2368
3982,226
3284,115
352,1317
681,4403
173,2007
1939,1767
3996,3080
531,1559
24,1914
2404,3523
17,3697
1604,3000
2691,3589
2246,4305
3297,2734
997,79
3387,1857
2663,1235
4409,793
289,3109
3527,868
3397,1385
1508,4233
2552,3275
1272,2352
1820,2966
1103,3992
3901,2696
229,116
3191,2598
931,1068
531,3877
2535,3113
1313,3281
1021,589
3923,2881
1320,1924
3191,1392
445,2387
4255,3529
3587,4007
2584,2720
4001,3660
175,1466
1212,1456
4056,1767
3556,262
145,3009
3157,1905
2491,85
2852,3871
4142,3845
2954,2561
3801,291
3577,1557
1313,939
2781,2196
4333,3921
3103,1787
733,2293
3987,2480
2535,2140
1203,291
4360,2993
1857,1316
549,2960
4404,3356
2034,901
2691,2793
1026,854
2403,4034
1404,2120
7,1928
2526,2212
1923,2347
1969,3384
989,1858
3384,676
1276,1077
204,4153
3593,4233
932,468
1648,2474
566,3252
1731,4254
1121,369
3368,1461
3857,2160
1543,3074
782,1589
2291,2254
980,1316
3490,511
916,806
2945,2844
2078,2418
3800,531
3981,3255
2467,1288
3451,1245
4295,4036
1846,3669
2072,289
1926,2935
3149,2165
3226,3690
2965,142
1121,2294
2133,571
2340,2973
4326,3892
4231,2456
1749,1865
2850,1355
3817,1517
2037,3000
1426,700
3471,351
2990,2793
470,3222
4260,2781
3406,3086
1262,1725
559,3351
1268,2763
2448,1340
2301,1464
4275,2352
1493,695
502,3392
531,3945
379,2347
165,2636
2143,4174
4152,3247
1548,1392
950,2465
85,2377
1707,2311
4087,4173
793,257
17,3113
3710,3709
4219,2883
2270,1227
3256,3849
2448,4337
4157,3819
4154,2458
960,323
2055,2984
1098,582
2509,2554
1781,1516
653,554
1760,1664
1601,3074
1082,2171
398,3053
1196,2165
3250,2347
4198,3275
3226,123
1596,3966
3638,2199
961,1787
1559,1316
4307,1776
1906,2613
3241,2310
497,3046
1213,1337
3845,2682
2326,1744
3386,3530
3384,2316
824,3662
3290,3796
3861,3741
145,3399
3485,1460
936,1226
1938,1280
51,2100
1870,1616
3021,436
3365,1758
1773,2027
2670,4249
603,2635
4029,194
1260,3492
3644,2074
300,3374
46,2881
4250,4384
1103,2757
864,3356
2485,1316
3373,2045
104,685
3967,3987
2950,3855
4285,492
2739,498
631,17
2069,3393
1268,1121
3136,2374
4172,3592
3303,2574
579,2888
2973,3393
1851,351
68,2634
6,2527
1040,2562
2660,1392
2172,841
3482,719
398,2140
1662,1976
1626,3798
1077,526
4247,316
3120,2352
3621,3054
1387,4036
1516,1879
4089,3951
3728,433
3665,1316
2914,705
682,2171
119,2346
4110,1742
2286,3592
2491,3073
827,2119
2357,912
1011,3875
1537,1316
3052,3111
4322,2091
320,2640
378,3523
4191,1751
4168,4294
4379,304
4238,3316
1776,700
3899,3252
1234,4293
410,3426
3404,1957
3863,2407
4293,2527
1355,123
1196,2020
48,2386
2268,2540
732,684
2135,2821
2776,4373
1995,3292
263,806
2917,1073
3469,733
2011,1338
1754,2700
4193,267
1985,129
2810,899
556,3690
999,3594
1619,925
543,4297
3717,222
2779,3596
1355,2020
1601,2542
4056,756
3083,1564
2485,3281
2066,3792
4319,4132
1449,1250
2858,4193
2058,3790
1972,2033
3846,1183
1866,1421
4290,3282
3649,4233
3609,1201
2115,1616
1766,2361
531,4306
17,181
806,828
3250,2020
4062,1776
3489,152
1235,2031
4189,2814
3845,1947
2929,780
377,1436
214,348
3021,1365
3839,446
420,754
101,3381
1559,3690
1728,1468
2223,472
1634,4046
3336,133
351,3884
3140,995
90,3084
285,3688
17,1734
1316,1872
2390,2116
3038,3047
3162,1141
3226,2046
800,583
1576,3778
1618,3512
3273,958
3848,3276
276,509
2604,1923
2860,2653
3657,1676
1231,830
506,2374
1498,536
1845,1720
3431,841
1552,2846
3517,3074
4219,2248
1435,210
1482,3375
4242,460
1279,1510
2646,92
28,882
4286,2804
588,1359
2563,1390
1235,149
2855,291
921,1909
3285,2714
2638,4193
2043,3362
408,2467
1609,1915
1563,1959
3989,2592
3086,1316
2777,4206
2858,3104
2383,4368
1939,1604
3194,145
3467,3382
64,2208
2815,3674
686,149
74,4065
61,3074
1234,2917
3842,1108
2447,2151
1548,2830
3426,2554
1781,2254
1749,436
194,4029
1116,2646
2473,3370
2610,3630
3203,1767
3885,3274
607,429
1299,1596
3665,3434
4155,2347
1423,3308
2793,3074
3966,4367
316,3814
2749,4150
1053,73
198,1987
3820,3497
3763,218
2012,3173
1163,1506
1099,3921
2188,1367
2346,1998
3101,3690
506,3527
872,2027
4016,4080
2423,297
3350,62
1082,1688
2562,3203
4256,3708
1817,1960
1004,1035
2154,2942
4068,1735
2980,3060
3451,3014
594,3802
3925,2027
806,1767
2486,2644
4242,2272
3230,1929
4380,2386
21,3210
4189,2537
4085,3374
3552,1481
2448,4114
2572,1300
3985,853
1544,2091
3589,4260
856,67
3845,1580
3365,4087
551,1957
1743,657
4048,692
440,3056
3433,3943
2581,3014
3766,79
3751,901
148,1069
4002,3252
2844,3074
542,232
3382,1901
427,3285
4302,1311
417,1212
3871,40
3866,4300
1392,1830
16,107
259,2052
418,3576
3250,1068
3377,1620
844,1149
1085,2527
799,1544
3771,3663
2734,3026
2953,1061
3460,2859
2135,2046
1702,481
471,1353
1718,582
2334,1177
171,1692
916,3576
2855,889
4025,260
4042,2714
3012,2351
2727,2347
1933,3086
2357,2436
2763,4088
1940,1523
1164,3915
3715,2693
1790,27
700,2027
2261,1402
2020,2165
4056,4065
4209,310
690,749
1670,1453
871,4039
4368,3336
4367,4173
3074,2046
2286,4172
3476,1029
1330,1982
2119,169
2436,926
2602,3563
414,1563
3874,4093
4038,1467
3656,918
3205,2704
4192,2994
2599,3535
4031,104
1886,185
2611,4337
4316,947
2912,3155
3799,2538
1227,574
1314,1320
467,2152
4359,1119
1630,3313
1539,174
4204,1293
488,2448
3967,921
1068,3918
279,3708
1856,2420
1231,944
3910,1398
1559,2547
376,4251
1720,1201
2295,4006
200,978
2915,2819
1754,2013
3871,2461
3651,1841
3464,1268
3650,3211
1924,351
1477,3063
2535,17
2623,4248
2530,2177
1700,2046
3,3514
2914,470
269,3961
3849,1281
4090,3572
4045,319
2301,2644
4101,1392
4381,1609
3553,497
3885,3812
3487,9
4193,556
177,1946
649,50
3530,4328
4265,1248
4314,3632
1104,4395
2375,2374
3680,2143
1332,1317
4260,1416
2020,743
2244,2252
3739,1051
2359,57
1900,4043
2823,477
3979,2385
2507,115
256,2793
2739,415
3438,453
1831,2046
2843,695
4160,1755
2394,2027
1720,1845
1389,2281
4062,1604
2990,1776
2535,4123
168,3644
3800,616
4239,930
781,1737
1667,1236
1121,4377
4338,932
823,4064
1013,4403
3250,2844
1843,3916
4294,2178
679,1456
232,2048
1788,2896
3051,672
2584,184
3330,1278
3355,4306
3863,3758
1352,4347
3844,3536
3434,2027
2210,493
1052,2527
2229,3877
3434,4065
2375,925
4117,2458
54,1474
584,1270
3544,4233
128,1432
2534,3420
2062,970
4069,2129
3928,2132
4321,2763
2328,337
3361,1953
240,3214
1436,730
1057,3459
3351,1341
3284,4239
3946,1002
3798,1241
4293,3690
3151,1776
1474,3596
676,1868
789,2027
3225,2815
2969,1104
669,2746
514,1316
1957,262
265,2650
858,1845
2299,2405
3569,4379
3481,1776
2749,3974
2614,771
2161,4138
64,232
2374,2956
3665,459
1433,618
956,896
1197,92
3230,1201
4193,4337
235,2446
2676,137
738,3439
1664,4070
728,580
646,2347
4377,517
729,2512
3147,3511
4141,1679
3494,2246
1464,222
542,2448
3471,730
1102,3455
3718,2325
1929,1166
3627,1816
2070,1805
725,1222
1464,1836
2073,4104
574,2651
3,2998
3640,1296
2142,1852
2029,516
3494,2293
1112,1457
1020,3487
4402,2819
1243,3690
1775,2076
1540,2540
3220,123
1276,2789
1645,4157
2933,2495
4198,4173
2230,1042
1904,2357
3922,1829
4342,1141
2490,4127
1781,1776
2949,1701
3238,2074
448,1056
2091,116
381,4152
2020,4294
3612,2050
3311,532
456,3283
789,1604
490,1523
3799,3005
3185,3246
2216,863
2056,2131
2379,3688
753,3509
466,3557
4062,3731
3814,1865
304,1093
3576,1089
1557,3974
3096,1643
122,2502
4288,1224
2119,2420
2922,3011
1784,429
1909,2756
2740,47
3240,2652
866,1776
845,4128
180,529
1427,2984
3285,4322
2201,2505
3315,3076
110,985
1842,1865
4341,1401
3929,921
3834,3738
3640,181
3189,842
3616,2714
2257,3189
2768,786
2020,2374
228,3443
3635,1393
4271,503
2230,2294
799,3709
1638,949
243,1490
3645,2708
1507,2069
4410,1943
2375,249
2491,1317
1693,914
822,2793
3443,1141
2058,2407
3273,1939
2295,1316
2375,3798
2376,1841
642,2092
3055,2366
2070,1850
232,4173
1268,2485
940,2444
1404,4154
2638,4062
506,1538
2097,1222
3942,314
269,1255
3631,2717
2867,3758
1716,1122
470,2598
3124,218
3106,2119
4275,3797
1700,3074
3333,2098
2868,765
3093,730
1261,2598
782,610
4038,931
2590,1699
1068,2851
2597,1858
1229,483
668,2721
721,3255
3008,849
2242,1776
400,3181
2102,1316
3346,3112
3154,2263
4224,3031
248,1748
3134,3902
4225,536
3313,340
3800,1634
2049,1316
1422,391
2562,2485
1445,194
4046,503
804,1708
1589,3921
2746,1067
439,3073
4193,2956
2940,914
3437,3160
3837,970
4232,2598
1965,1305
2921,733
210,1147
1768,3073
107,991
3733,260
119,1463
2691,4065
2764,3843
1585,2371
753,719
1067,284
3641,14
682,734
102,2547
3109,1845
2506,3346
1152,2256
3029,2897
1957,3992
3498,2027
1791,360
3116,3074
4291,57
2388,67
753,1229
1099,782
830,982
3294,4167
2162,611
1211,453
2088,2347
3281,1093
2621,3745
3621,3590
3640,2272
788,3413
1371,1722
2379,2131
1331,184
418,3731
3775,1572
2694,1740
2118,3863
2036,3246
2665,453
3245,2050
961,1865
3343,1521
1385,457
3453,262
3828,2542
2437,4246
2763,769
3369,3447
2766,4351
878,3498
1045,556
2022,2527
2276,747
89,3958
3429,3058
2109,673
76,1857
438,1357
3806,378
1467,2844
789,158
2523,1655
3226,556
2031,4022
3010,2196
1747,3731
1773,1776
4062,1773
247,237
3110,3181
1333,1931
3104,1042
3801,2229
1530,3060
2383,3336
1885,1988
1388,2237
3226,2552
2426,2309
1544,999
1735,249
1404,3747
1121,2339
1809,1641
2127,548
1395,515
2542,112
2850,1559
4259,3269
3184,2089
3641,2996
2203,3580
610,3822
4326,3488
4143,503
2092,2050
3142,2346
2116,2612
2965,1367
530,4380
3891,1349
3450,3690
1203,1686
3230,2713
1544,860
17,4123
2692,2221
3603,1441
757,3563
1260,2788
1054,2894
1537,4065
1232,3752
3061,2211
1486,1936
3098,1863
2207,2976
1268,556
1164,2598
2609,3873
1599,287
428,3719
885,291
3800,323
861,2026
2253,3126
2049,3252
352,3731
4159,3357
1152,1261
1884,2181
4193,320
3589,2416
1426,2027
744,2178
3397,4104
3931,1642
1948,1093
3058,552
4331,1077
4238,771
25,595
2272,3697
2595,158
3732,2505
3740,3092
613,2962
651,947
2227,1607
171,1905
13,1707
895,832
732,540
1925,1051
1420,2565
805,2371
3604,3990
3401,3628
429,594
3369,1431
3675,1839
203,3235
2474,294
3257,3663
3538,1093
2275,1830
4182,370
4032,3060
2197,1848
1707,2240
247,287
3700,259
135,291
1055,1905
352,2027
3506,337
215,1408
2123,222
3014,526
1094,2454
563,154
990,3345
2037,433
1157,1776
1275,365
3775,1535
1675,1032
147,3424
2500,515
3281,3074
1857,3690
4038,439
2217,3632
26,3873
1494,1360
996,2895
2714,2294
2160,2720
1232,1655
268,3679
893,2620
1747,2027
1880,1118
4156,2027
1307,2791
1405,2170
3905,1229
452,2479
1860,801
734,1688
156,2212
207,2046
1045,1132
3545,2997
4091,139
2553,887
3074,2527
3481,2027
2549,1051
2285,3897
340,2131
3418,2046
2684,3281
2969,1058
3316,1245
2388,3387
3433,3254
4322,2595
2418,429
916,4154
732,2676
3089,3237
2843,914
3800,3305
2101,3792
4086,926
3467,1051
861,4123
535,1947
3754,2778
1368,2337
3440,3037
2850,2152
2498,3747
1743,3538
1766,1138
531,3149
1417,3702
3116,3151
1817,1753
2569,3109
590,3923
3800,3853
3066,4335
547,2405
1666,1409
3457,3729
2206,569
3674,2091
9,1737
1144,339
1666,1355
1508,2256
4143,2608
3347,3043
17,2342
3047,4334
2096,1957
810,1316
4126,398
2595,1101
1492,486
1770,2343
378,1200
4071,2994
2346,1882
3084,2459
1121,556
4161,2048
2835,3227
2805,123
918,595
3450,2542
1023,439
683,2728
3036,1095
2664,1132
3589,61
1743,518
4134,733
4075,1697
3662,2793
1263,3002
381,3247
3151,4355
1686,3073
784,2048
2304,4255
4200,1798
2590,4317
3221,3824
1941,2091
324,2798
1961,970
1544,1297
1566,3990
418,4355
2656,623
3558,2386
239,1797
352,2013
1768,1686
1495,2586
2312,222
1384,511
3618,3489
2382,2271
4370,297
2247,3221
984,2074
2559,3796
332,786
3927,985
98,4270
621,3416
185,775
1249,730
2377,958
2154,1970
1040,1487
3926,2018
3750,28
162,3761
927,4384
1483,3315
3355,1789
232,730
2813,2050
3890,2718
4143,1216
1268,260
2991,2339
686,2826
1647,1782
1040,1768
2355,3041
4047,3825
2495,2933
3501,281
4409,3221
2016,2566
1502,3387
1904,3182
1989,1093
1338,914
3606,2440
2568,2249
3654,1363
359,115
1068,2294
2466,3291
3104,2684
1855,1338
2451,3252
2992,57
2388,2909
1924,3275
1184,2939
1598,4331
1945,2718
520,2673
165,2357
2909,2547
1919,2031
1676,3986
1603,4314
2379,2464
1073,730
2877,2137
2910,3351
1235,33
3988,3756
3337,2192
1645,2232
2590,339
280,3744
1773,4065
3059,1891
66,3296
1669,472
2524,860
1399,1496
3576,4154
3589,2020
1197,2779
2876,3684
686,2663
2942,3203
3151,1089
4099,1009
4315,6
67,868
3833,3974
843,1461
95,1595
3450,321
3519,2371
2451,1857
57,284
3369,2379
148,2788
1053,3731
3028,1911
3791,3663
3481,2942
3530,3112
3633,4170
2427,3737
2369,3066
90,3520
1595,934
91,2405
2535,2665
3579,3964
2835,4262
3308,522
3787,4132
467,1316
4301,1818
2949,4187
1814,2674
2394,297
3586,4374
2001,4355
3926,1734
767,2942
329,836
2949,395
2745,497
2313,2291
3477,3248
17,2033
4011,730
2264,2099
2297,3774
2491,3947
2851,57
1426,3073
246,2714
4193,4065
1617,1185
1739,2098
2138,629
4355,756
2931,4052
3503,771
1947,4294
3788,1504
1196,3046
3411,1844
2022,3074
3057,287
2091,1132
2430,3492
4172,2634
3336,4373
518,64
2049,2244
1924,4367
2552,1025
352,3131
3163,1131
2258,1908
1268,2917
517,2885
1102,3283
799,860
751,2294
3305,4046
2385,1241
799,2779
1467,2000
3684,1544
1866,536
3355,942
434,106
4322,2294
3589,3918
3801,2781
1739,1889
3576,3498
636,1318
3357,2843
3576,2027
3780,2222
4120,4173
165,2413
1909,4290
4057,2332
3601,656
1521,3236
862,3046
4208,460
3050,4343
3546,2150
4157,2232
22,2204
1466,3987
4113,2343
1205,439
1121,3281
119,2662
1869,2077
75,552
3800,608
3799,1905
3470,2263
1268,1540
1052,2116
2136,2714
677,3388
2093,2661
1064,3795
2995,1055
3264,363
3889,2116
4082,4290
517,2547
2530,2728
1123,3468
3516,3690
782,2137
4153,757
608,1789
4208,1755
1785,1928
4193,1132
2242,4087
2219,412
590,3845
2062,2528
3188,695
1739,1132
1789,4306
3501,3583
2790,3551
1268,1776
750,3992
2283,1455
581,1626
759,1928
1789,942
2682,2046
1933,2942
1926,3968
3786,2273
49,3359
972,783
3748,2171
3338,17
826,90
3641,1636
827,1234
1589,4227
59,798
2147,3060
2590,1144
3281,4377
1561,339
841,2172
1555,3795
536,2420
1221,734
1268,3281
556,2046
2669,123
2348,1350
108,193
953,3203
2795,2824
98,1475
1129,2046
2636,2050
1203,4340
3333,3281
3505,2844
622,1221
2272,4242
2796,123
3751,3164
2275,75
2778,4066
641,3596
3528,1887
2301,3503
4308,1980
4046,4317
1663,541
2346,1385
535,1751
1227,486
1564,1139
822,4294
3452,1595
2183,3590
4042,2542
2860,82
291,2547
6,2669
3209,2240
4190,3079
1451,3074
1053,1776
4239,1518
1964,3054
1645,3819
325,761
1230,2477
1610,3436
2365,3410
3581,1905
4271,514
4191,786
2496,3596
3993,1863
246,2294
3907,3346
3142,3002
1497,3321
2027,1970
4284,3335
4400,3246
1885,2748
3507,304
260,2091
3465,2927
548,2379
3709,3252
3837,2062
1048,1481
2915,619
2226,2819
264,780
2426,3711
1817,2734
2313,3074
4033,2018
4002,1316
2005,1234
4193,116
1634,799
1674,2405
1476,1681
799,1872
1755,2140
2369,1418
4036,3843
3281,1700
944,592
2030,2478
3159,3283
771,222
2942,3690
2559,1354
4042,1093
913,1457
4056,2729
378,282
312,1098
4038,2212
2094,390
2037,828
3659,4010
3563,3491
3436,1928
3726,1857
730,123
1208,3275
1467,1970
559,1108
911,3235
3170,2191
1470,3000
272,2601
1601,4367
4323,486
2805,3281
3486,1967
3865,873
3729,3301
517,123
2060,407
91,1463
1950,1200
4370,2770
757,4097
3860,3487
2824,341
1328,1562
1145,1591
1041,2722
598,5
1597,4154
4179,1972
3860,9
409,3393
4171,642
2214,1865
2436,3081
3930,2246
1300,2294
3949,2517
4166,2762
984,3234
1576,1750
2781,2448
1466,4237
3267,1795
1279,1905
1017,2831
1495,3918
3915,1267
3406,1042
793,4206
1857,3074
17,4242
4363,1482
1009,2775
863,2216
4193,3274
3316,222
1196,862
180,3293
816,4074
2779,1316
3876,3030
844,64
718,3383
403,4334
3553,3046
3554,3523
2790,1631
1018,323
1606,2026
2850,2959
3450,6
3436,1204
2707,3381
2434,1865
1431,525
3281,3252
2749,1901
203,3258
2485,2252
1939,3947
300,948
876,521
2861,2788
1268,116
3602,1633
364,2374
2001,2037
2878,2374
744,536
2403,1316
542,2022
4161,123
1890,229
3856,2560
2390,3410
11,1987
3424,3156
2850,67
289,1845
4185,232
3674,2046
1018,4193
2878,2116
1734,2018
4372,2238
2485,3684
9,3590
740,3337
844,522
2760,1928
1440,1559
2123,771
2573,107
476,3074
1869,733
1164,3236
1089,2027
3496,638
1028,2046
1717,2591
1140,386
4280,1928
921,3298
1783,3552
3781,3863
701,2486
1201,2555
3590,9
984,4244
1660,2120
2680,3502
2711,2046
3153,1971
23,1226
54,941
189,1655
2789,1193
3824,2052
2157,1394
4169,1688
3014,1077
1166,1929
1574,84
2200,3708
1672,3037
4277,1132
1772,2046
2858,156
2353,1987
221,2542
18,3758
2917,2542
2556,690
2495,3137
3665,2909
1023,2729
531,249
4013,2119
3904,1750
4041,2478
77,2630
1171,503
935,910
4137,3882
1295,2377
274,4248
999,3074
3469,2246
1624,3951
1540,2542
1393,1796
4116,153
824,3674
3045,3381
1440,3576
2481,987
2615,2985
2525,2983
4067,4064
2263,4373
2810,1830
59,1786
1040,641
1921,3381
1206,1029
3075,3475
907,1326
2711,860
3199,3731
2877,3370
1989,1025
4069,3571
3944,2294
1233,2352
2484,2630
630,2811
1867,2668
931,3334
3508,912
2213,2398
1389,1441
2843,1855
1440,503
2489,1167
3048,74
3977,1785
4409,2357
3816,1408
2525,3759
275,2994
3151,958
4101,705
2080,870
3620,249
1012,3798
1268,2844
910,344
2408,28
111,1129
883,2714
1490,1937
2978,1857
1276,3419
593,4039
2884,981
2040,625
1773,1604
4215,1426
2145,1744
405,1941
1258,1835
2697,3663
3548,2509
4369,155
347,3157
556,2542
3334,2294
464,1541
2411,406
638,2318
4337,1735
3010,2562
2638,504
2751,443
1121,1297
1634,2540
4347,700
1358,1522
1925,4268
2817,3054
1631,1627
3682,3381
1449,27
4326,4297
1467,958
8,2533
300,874
1761,3714
1860,1320
3039,3955
1806,2476
3918,2374
1467,4114
2663,2031
964,2068
17,1095
2544,1748
2259,2967
3836,2229
1739,1633
1821,2744
551,3404
3754,3921
1462,2464
3006,2238
3765,2829
601,3790
2960,3352
2494,2396
3979,3090
4142,467
918,94
3882,1750
2853,168
3202,1656
2868,1058
1688,2619
646,1751
1966,828
3369,4131
2378,1496
1219,2598
3974,1408
3496,1148
929,554
1137,1946
2485,2909
4177,504
1043,2819
1121,1857
1806,1688
2324,3952
2779,4087
3434,4117
2852,1527
3273,2027
373,1928
116,2091
1392,2598
4130,2650
1189,1281
602,3666
2209,1763
1495,6
4038,2526
2242,2013
2875,2027
2667,1245
4247,20
2773,3570
2524,2552
280,2343
629,63
767,2027
1063,2179
904,949
2388,2252
1813,2138
3946,1601
994,1281
3141,3596
807,1827
2908,661
1103,2554
1775,748
1432,4163
336,2762
3807,2202
1021,35
203,2776
2659,3074
3240,2927
2432,700
1140,3103
594,429
3353,1612
2938,4365
4374,1835
1268,1747
2827,2926
1275,3089
395,144
4377,2046
3393,780
3424,1087
3090,2705
1606,2018
921,4290
2170,3005
54,641
1856,2374
410,1957
17,1211
2727,3274
3153,1392
475,269
1440,61
1249,1207
2530,752
2909,3252
819,3532
214,2864
517,2542
2468,1872
1985,1061
1906,2046
2544,248
2250,794
3355,531
4299,653
2534,2405
4271,4064
420,2631
849,432
1773,1966
4266,1878
848,682
527,556
3135,594
1364,509
531,4046
4322,116
1208,1129
1417,863
1352,3041
4004,1607
4132,3487
260,1132
4270,3590
3508,3147
290,719
3250,4065
1194,730
4194,4111
1223,3954
2552,155
4064,2294
4150,1408
227,808
111,2774
2020,2793
1738,2831
56,2444
3685,1590
3676,2171
2952,1612
4377,3226
2621,3334
826,4263
605,1760
3992,346
3835,1401
528,3214
984,3902
1673,2655
1373,323
3826,4227
3891,620
26,3461
3802,594
2891,4355
4275,3715
2135,1129
1525,1486
1680,1093
1939,2942
965,774
2043,3497
1315,4029
2244,1857
1228,3352
3958,4294
2850,3918
3401,2715
2693,186
3332,2003
1161,2834
230,1749
4193,3602
282,1047
2853,3644
3093,3944
3567,3859
2617,3095
1836,2123
1404,4161
2297,3680
416,1756
767,1776
2687,3624
2230,542
2199,1627
2850,3149
1483,2594
1383,1620
1723,378
2106,616
1495,730
4333,1669
3355,3945
413,1481
2151,3625
3170,1710
4224,3867
70,1122
4114,3073
1431,2159
1736,3171
2127,2379
3908,1918
18,4039
542,3281
804,3765
442,2643
349,2946
3464,2294
1770,2598
3675,210
2491,3074
3616,4064
2479,1093
1420,3725
4156,2294
4034,3277
3801,3877
2540,1316
1157,3074
1319,3283
1520,4000
3116,291
2763,2514
4234,752
4286,3204
453,3113
2779,2013
2229,4228
2261,3950
2060,1222
2842,3748
4020,2420
69,721
2519,2822
404,3203
2860,2179
1516,2212
125,2907
4401,2468
1601,3690
767,3731
1806,1721
3957,2537
1507,409
2872,1233
6,1700
1766,763
2850,2793
116,2956
3560,943
1578,1441
2924,1365
2861,3378
965,3699
2365,2020
766,2137
2986,3957
1409,3275
3731,3074
61,4228
1772,730
4309,2986
596,3974
3078,3336
999,2547
2719,3620
3104,4193
2005,4293
1962,3085
3956,807
1968,1924
2085,1170
2097,613
1094,2021
674,4242
2916,3614
4188,4080
3221,4395
2132,4209
2112,519
3589,291
4015,1504
1925,3283
1146,2383
542,2116
1509,4060
2954,2405
1784,1475
2143,3749
453,3826
3226,1700
3915,1083
4260,1947
942,4306
1510,1267
2183,2817
4042,1540
830,1442
1942,4314
2844,102
2629,4178
1768,1970
2941,514
3424,3758
1850,2798
1596,4369
379,641
3136,2448
3839,2929
3185,2137
650,3545
1422,4317
372,2020
1483,113
2079,2309
2605,2548
2402,177
2931,233
2621,2540
506,1355
4056,3250
136,658
599,1868
300,4085
83,2646
517,1243
2330,1411
372,1538
2681,1688
3413,3128
2277,2279
867,473
2467,3718
4025,2986
2529,1248
4058,1025
2154,162
1860,284
3731,1317
1596,351
1621,2935
3845,116
3945,503
1144,2537
2005,4013
861,453
3801,2956
757,2328
4171,752
2116,320
1260,494
2116,1857
2169,3007
256,1655
4191,2196
3222,2598
76,1297
2370,1633
1253,2171
3674,3836
2229,3845
3986,2699
2076,873
4185,3275
3945,2781
1608,1561
2342,4123
1661,922
3184,442
3926,1000
931,4347
3233,2322
3508,2777
4302,1138
4152,1865
2457,1940
1323,997
4295,1928
247,3366
2460,1395
3736,456
383,2540
1773,73
3177,2688
3739,3382
3199,1316
2738,97
2385,2225
629,2138
3014,3419
1789,320
3586,2171
2900,1537
4172,3983
622,1794
664,1742
1559,3836
1358,3537
1545,897
148,2359
287,1519
4268,3283
931,1018
4,2425
2522,2448
3007,2683
1641,3681
381,1865
1332,3000
2415,494
2001,1604
270,296
1406,2731
3037,104
432,3974
748,733
2590,391
2316,1969
1630,2464
2404,1737
258,3239
818,2963
1175,1504
705,1392
1773,1597
3376,3680
1561,536
1103,4133
525,2021
1948,4064
256,4337
4197,2027
4012,453
2824,553
2302,2331
361,1148
725,3557
1552,1787
3892,2877
3861,1105
2019,2222
175,3987
745,28
555,2792
3845,1316
2199,734
2175,2598
2607,2425
766,1589
910,561
2445,2364
1850,2712
3288,552
2553,3566
3481,1773
517,2046
443,320
397,694
2491,1089
4056,1215
1382,742
63,1845
3956,259
1277,1627
845,1762
3045,3682
3133,2150
1660,1404
313,2830
3525,2640
2013,1872
2943,3730
2815,3836
4215,1970
4084,2265
2260,873
3739,3283
2541,970
346,2366
742,3254
466,1032
3497,2443
1948,2881
3610,3150
1052,2374
135,3690
2858,2540
3801,3836
942,1121
2086,3873
1734,1000
3163,176
1020,9
3061,3189
3665,3877
247,458
3861,3040
4063,2653
2450,307
163,1759
4110,2600
3038,1052
1628,2616
3498,4355
3456,4193
3906,517
320,1132
2212,2154
855,3715
487,2461
632,2567
3411,2767
4237,2756
2064,114
2564,2957
2508,1014
333,1085
332,3944
2130,1346
3525,339
169,3752
535,2793
2022,4321
2323,2713
3510,938
1713,1367
1741,3536
2838,2161
861,1981
4013,2425
1136,1505
2991,1132
2778,1496
1075,3841
3524,3827
3760,450
2056,1294
4276,4193
447,2998
2940,2151
3619,2027
886,863
4072,3404
3941,3157
3674,4114
1781,4065
2022,2046
1075,3377
3176,741
4236,873
1044,1729
593,1311
3641,368
3249,1500
3586,2794
2357,3182
1966,3000
845,1246
158,4392
2001,4307
3658,17
1237,3152
1825,1928
1739,2536
3189,2321
3090,2925
2552,730
2243,3770
2430,2788
1866,2989
56,1798
3410,2420
26,1342
2339,123
2651,486
2374,2775
4400,1269
2989,2374
3258,2776
116,321
1089,756
4185,260
3940,1655
802,4378
3781,2407
220,987
102,1132
665,2065
1811,4206
1628,486
823,514
3596,2152
2355,111
944,830
1146,3078
3929,3987
1809,3701
2917,4293
2230,3274
1957,1668
223,2898
3857,2720
453,2026
1417,3246
175,4082
3065,1961
1896,224
529,3293
1264,1837
4193,1540
968,468
2239,541
3135,757
356,1595
2954,1049
690,1143
2116,2420
3365,2403
102,2027
4260,4289
2750,3074
1498,1538
3061,1607
1295,1132
1473,1144
578,4193
309,1664
2302,3254
1189,3849
1587,2279
4288,2139
319,392
1403,1320
3044,1934
3903,574
2909,974
3173,3195
1318,3359
2991,2046
695,3625
3333,4193
1417,1269
3539,781
3233,3252
572,596
565,717
3687,3150
3988,30
1990,845
4310,1130
3355,4193
3597,394
4298,2316
1656,532
3777,552
1960,3163
3893,338
3384,1969
730,4337
4040,1281
2037,1776
2114,1129
3579,320
1260,2425
2488,1462
3037,685
2815,3662
3754,977
2510,3123
1700,2527
2000,2449
431,551
3403,3393
3702,1269
2327,2793
1473,4317
925,1241
4031,4238
4232,1392
1063,82
771,2123
1812,2542
4385,1386
1157,4065
4185,6
2328,3878
4042,2046
2421,703
1228,1012
2779,1544
1811,752
610,2899
3944,260
1754,123
4326,3720
4072,551
996,993
448,970
3434,3000
691,287
263,3324
3018,3054
4260,2793
931,156
1342,3461
2001,1767
2602,3491
3164,849
1128,4396
931,3250
2096,2554
3037,3440
206,1688
225,2304
3732,1448
3281,2763
1040,1089
3505,4065
1856,2793
2073,1481
3038,2152
958,2027
605,3713
3214,3482
2394,2107
2483,938
1046,36
2313,2294
1283,3312
961,1928
1914,1679
535,1655
64,284
246,1268
1132,3074
1268,2046
790,970
2001,1215
4020,3410
823,2714
1719,1585
418,4056
3819,2232
1052,1316
4009,1392
696,4156
4406,3002
3836,2196
854,3296
3956,3915
3616,4129
3143,42
3355,3074
4377,556
2005,2119
765,1878
908,1144
766,1415
2448,556
185,1469
1473,1422
1268,3877
3316,1877
2959,2116
3661,2410
4159,4296
491,2971
839,298
219,2290
2657,1737
1234,730
3984,3271
3070,1439
453,2140
1210,1237
2580,290
2082,3817
4089,1179
3353,3534
2540,4065
4260,116
3527,4294
1765,4317
3845,2374
745,3391
1168,2303
3410,1857
4132,9
3925,1035
1009,2178
1090,2755
4011,6
542,860
232,123
1039,3558
2659,4065
494,249
877,3001
82,2404
3106,3410
2534,4199
3287,3669
1655,1797
300,648
2431,380
2388,291
1801,2176
694,397
1657,1239
908,2986
4226,551
601,1362
3070,1950
2652,601
378,1439
2772,3964
1230,3476
2694,2137
1232,169
1253,3588
2317,4119
334,2087
3226,517
1355,2420
3103,3331
232,2208
121,3715
4101,2598
2210,2699
3609,1929
173,2091
3324,3619
3999,2434
3726,1068
353,231
2734,724
4289,1316
4260,4294
542,1831
2244,2540
321,2763
2774,3074
2342,2017
291,2527
757,1556
535,2374
288,1899
3365,2468
1278,1625
1409,4099
2254,4088
3341,3346
2793,2374
2,1295
2306,2092
1426,3392
4026,724
1211,1077
115,2507
3316,271
2638,958
2087,1002
2907,3274
3986,1676
568,2821
1171,3123
1268,1479
1760,2181
3836,786
3966,2552
766,3185
1422,2744
2878,67
1516,2875
288,3921
1104,3221
2195,2477
2726,3074
3562,1472
3885,2303
1180,730
2694,1415
3353,2952
2451,2047
4322,2542
2959,542
1036,3992
1382,879
3545,2405
1906,2542
3836,2799
985,3074
542,2547
3609,3474
545,1710
1399,3238
1344,3826
4085,2840
3619,439
2049,1857
3875,1011
270,523
1402,1318
270,3835
628,514
4234,2052
4230,2027
2950,58
3944,1540
444,152
1995,2579
173,1320
3507,123
589,552
1361,690
3887,4329
2339,730
2850,3709
1297,974
2990,2374
2421,1489
1463,783
2491,2844
2488,4131
625,3057
2986,1451
1218,2881
3225,291
1760,2696
488,1129
17,1077
890,2386
2763,939
312,3214
2901,3457
471,1227
708,2046
435,3992
2859,233
651,4408
2526,1879
4122,3795
334,497
3412,3012
2229,3074
3104,2485
1131,1189
2569,2666
649,2077
4304,2648
745,1905
599,4298
2717,154
4078,3025
816,1912
2046,925
2825,1729
440,3749
1457,1002
3556,3548
2321,3218
2530,1810
3297,1528
3530,3023
3961,184
1556,3563
3749,2016
1694,3255
1876,1867
3381,914
1906,4289
3941,281
1277,1221
1085,3074
2228,1406
3315,1816
2772,3579
506,4260
2451,2485
2716,123
605,1884
2215,2152
542,3041
2062,2952
648,1470
1254,415
1675,3557
3583,281
1131,3849
3997,493
3956,1830
768,4152
2322,1194
3351,2179
2969,2728
3260,970
1093,1025
2711,2091
165,793
4262,1830
4401,1513
4193,4289
3298,1466
2978,2485
3228,2598
576,4270
3809,2963
2138,3347
1666,1457
1097,4193
3658,1935
3889,2020
1925,2243
1090,3921
3331,94
3979,305
3761,3073
3489,444
4110,664
2320,1869
3749,1251
1861,289
1060,2074
391,1144
1873,453
1268,3274
2402,1137
85,2027
21,184
2154,1879
3385,2236
2623,3913
720,1093
3726,1132
3621,3183
2339,4173
260,556
157,1411
782,2841
2286,3983
4079,1998
3397,1481
2492,3309
992,2014
1767,3073
1840,2827
3370,2473
520,2294
1729,3347
1453,370
770,735
2912,277
3940,1797
1103,410
902,3798
1753,2734
3348,3164
1469,1637
2781,1129
2504,2644
1790,2767
799,3252
1465,3943
3281,2956
237,287
3113,2093
24,552
3882,1942
1170,2635
4143,2941
4118,1305
3283,3974
924,2090
4400,2137
931,3041
2468,639
3346,2050
304,2294
3898,2046
4193,304
4169,2219
1313,4213
2590,3525
24,914
3590,4010
2636,3112
2939,451
1068,304
1559,2229
1571,624
3228,501
2076,1360
3674,1751
1902,3798
561,1408
834,3102
1776,4117
3974,1557
2357,2777
3860,4270
4221,821
611,1612
4193,4307
2213,4376
2168,195
2850,2420
2571,769
543,3720
4282,469
2888,3865
952,991
1783,2504
3940,2775
1827,2279
3952,1688
4379,284
1544,3690
4220,3944
87,1829
323,1132
1002,123
70,2765
2534,1412
1647,3135
3845,2154
1859,274
1053,1768
1029,3476
1924,1093
404,1686
1070,3879
1171,2044
3411,3545
3142,1385
3610,4383
2510,1843
3128,3413
384,981
2400,1586
4117,3073
4103,3582
126,3307
495,2955
970,3195
1846,873
1551,2350
2040,3792
71,1216
2234,730
2538,2976
4171,3824
3386,3245
2876,566
3137,2008
105,4278
89,4294
3123,1843
4322,4042
3602,4334
4067,4322
3584,1794
1166,3683
1939,73
1148,4049
3683,3183
1825,212
3933,1137
1626,1241
4025,1352
1929,3683
4123,2140
855,2352
77,2484
3553,2975
3987,4015
3394,3075
2571,2547
3733,6
3498,4154
3856,930
4228,2547
4069,3749
3345,3573
3054,3487
2334,3271
2284,2154
1466,4290
1928,3030
971,2351
3608,3884
76,3252
3665,2774
3376,285
4193,74
1208,2485
1924,123
381,1928
453,1981
992,1917
1023,1440
2879,2238
1964,3590
188,4337
1031,4014
21,2718
65,3346
1182,2469
2710,1305
2280,2935
4334,1750
1745,1408
774,965
2990,641
4142,1085
1234,3690
1451,3594
4274,897
2975,1101
2022,291
2671,914
2438,4362
4143,3944
1952,2778
1268,2294
46,2294
1896,2410
4056,3498
2534,2977
3734,1940
1258,1109
2210,3657
2734,3998
2124,3814
985,3877
161,1459
476,1615
4200,940
4057,3706
2875,3000
2985,2309
4310,3272
3196,3902
2394,3377
2596,814
66,2546
4395,2052
865,2970
977,3826
3527,1947
2526,2154
3322,3681
2136,2423
15,2541
951,3358
3684,600
2097,2060
4062,3434
1028,2542
345,4397
3686,869
3275,1025
782,2899
4340,2027
2377,756
329,2926
3500,3062
61,2524
2552,2542
1939,1089
3793,3673
3150,3897
231,1305
1170,1589
276,3805
1219,3222
2849,2171
1489,703
4293,4043
2552,249
478,1288
3450,1101
2187,1683
4222,97
4009,2660
3870,914
2212,1970
3217,3802
870,947
3576,439
2507,1815
2230,2684
1953,1383
4407,2999
1244,3488
925,3798
590,3410
4316,4005
3295,4124
3576,3731
1959,1191
1405,745
3295,212
3476,2477
2747,1109
3281,3946
122,2668
614,2034
2001,2027
1906,3690
3314,376
3184,2648
1613,2674
3838,1032
1215,1966
4323,2651
181,1981
1549,1316
2187,3588
1481,3255
506,2020
750,4133
3880,1901
700,2000
232,3747
711,3852
3362,1848
2336,554
201,184
484,4099
1503,2603
4215,2027
1268,4193
1797,169
4294,877
4056,958
2365,1538
64,155
2852,2100
2020,3527
17,3307
1653,1865
1419,4369
1711,3632
2986,339
4281,284
1023,878
3035,3505
3746,4180
773,2417
181,17
3403,2607
1421,3845
3911,3020
396,1568
481,897
135,1700
2324,734
17,2267
3761,1970
1322,412
2815,2196
1085,2547
502,3761
1783,1961
998,2653
2842,4170
3478,2674
3646,1526
1768,1767
1087,28
2210,1676
256,1797
1080,3461
2560,1200
3268,1688
282,833
2376,4040
2350,3491
2077,733
1963,1794
714,3371
3992,1668
2844,1243
3628,3535
457,2635
2365,89
3891,582
855,2693
3112,3346
2491,1747
3796,2979
594,3135
1774,284
2424,1865
1096,4237
1725,1871
714,1910
129,3921
246,2978
642,2050
2846,2307
1122,3572
3195,3173
2892,4205
1026,501
542,3074
2294,1093
1087,3045
3142,2662
2848,1756
4193,1035
633,1367
3991,3690
1672,486
1906,3074
2774,2547
2520,4299
4387,4222
3432,2983
2889,2806
4146,2020
1321,3974
306,3528
3305,1948
172,4272
700,3203
317,4300
2861,2425
966,1205
1219,2660
617,3849
1706,934
3012,971
3465,625
3107,114
3182,257
1170,2899
168,3238
1313,1601
181,1755
4101,3191
2398,749
542,4321
2229,2355
2425,1241
3813,2384
1601,6
542,1544
1085,291
332,1208
1637,775
3607,1529
1436,4161
3464,3074
3268,734
1422,2590
1356,409
4409,3824
1036,1668
3562,2598
3589,3177
4092,2405
3952,2171
3946,1700
1016,2602
4010,554
518,1149
3889,46
310,1365
3747,2542
1842,3030
1855,3381
542,3690
2215,1042
1200,115
2523,1232
4136,2150
3656,1829
3754,2831
138,3867
1468,184
1569,2067
1626,925
2788,2425
3941,2345
2972,2347
3316,1836
379,3596
1499,257
4213,556
3323,1119
3481,73
447,3227
1470,1604
2746,3538
3841,3377
1721,1605
911,1217
3599,1132
259,3824
2421,2983
2004,1688
1796,1221
3806,2642
372,1002
4265,2529
570,783
4364,1952
1461,3257
427,730
1584,299
2691,1473
3658,2272
383,459
695,914
4305,1221
916,872
1546,468
980,4337
3894,304
1360,1688
3731,4228
494,2425
3324,3944
2850,2294
165,926
3944,503
443,2986
2601,1505
2973,3958
3422,4344
2389,3585
3856,2653
2532,4350
2638,61
755,2533
4214,184
3530,2050
766,1269
2137,1589
120,1038
856,536
316,1928
4208,2186
766,258
4236,218
4038,1879
3553,1457
4083,4280
1409,123
4072,2554
1261,2660
3038,1906
2577,3758
581,3049
1320,2294
4055,179
487,2232
3151,2942
4104,3364
3273,1597
2208,1101
2425,3435
2878,1538
609,4131
876,640
2048,2552
3405,869
2697,2579
4270,2404
2547,2046
1370,2469
1070,99
3833,157
2675,1620
2269,2712
4259,2162
253,745
1621,3019
1875,3366
744,2116
105,2387
542,730
4090,114
848,3336
916,3925
433,3203
607,1897
448,1777
3869,2050
2854,2836
966,3709
408,1288
2833,8
1695,914
16,2034
1229,719
3317,1003
647,1517
768,1928
1036,262
3644,4244
1994,1172
3394,388
361,2386
4085,2365
2924,3021
3484,3216
898,2464
1673,3387
4242,2661
3876,4280
1866,3410
2447,3188
3436,2150
758,4317
135,3281
1836,1336
626,4087
4142,67
909,1633
939,4088
2550,3511
535,2355
334,3046
3682,2843
3840,3577
2524,2046
2850,3589
3086,2374
1206,1733
59,2658
2007,4337
3294,2279
4213,2046
2194,2819
3473,249
2978,3281
2233,4380
857,873
3399,3060
2070,594
518,304
2746,2116
2850,2390
2377,2942
718,4373
3186,2820
2843,4296
1831,2547
2825,3347
1112,3046
4225,2744
3285,823
4042,1042
2492,3414
1810,4206
3250,4114
1470,2840
4304,1598
2968,722
739,2046
943,287
3152,1237
2740,4096
557,4195
2815,3074
2218,3423
3648,3045
15,450
3919,2663
766,3017
1751,786
3466,1865
2726,1479
4239,115
1473,503
1556,3491
309,4070
3505,2027
1009,1199
4130,734
1515,1568
3831,552
1757,3252
1734,4153
1883,1725
2625,3153
4193,4215
3854,296
1421,2673
1781,4334
4004,2211
2621,4193
2466,2602
2047,3456
2139,736
1941,2327
425,1183
4399,947
1856,2178
2120,4065
3169,925
1955,3074
2079,950
577,2690
3202,3311
3378,2788
2540,700
3627,580
622,734
4160,2093
2664,2451
1463,3354
1107,1327
2317,2579
980,1132
3199,767
3671,1832
2736,2061
2526,700
1255,3961
4313,2718
1997,3160
3836,137
3010,3731
3386,2050
3156,3301
160,4193
4397,345
92,1727
3199,2458
3240,2400
4159,2151
1208,4051
1073,1601
3515,2393
2306,2050
223,1006
933,938
789,1537
3317,1256
2403,1857
3365,503
409,2890
3116,4065
1737,906
3199,828
286,571
663,3666
542,1601
3845,3709
2527,1243
2322,2294
683,2052
2298,1010
4079,1385
1268,2091
2360,1748
4019,1847
1947,2178
1310,3424
2692,3549
518,3538
4085,1970
3035,3396
770,1108
4189,1561
1099,2309
3907,257
2844,4228
4260,459
3806,1047
2622,1969
4409,4206
3977,1865
948,497
3514,2436
2751,1316
2305,1166
3569,2204
2505,1410
4352,2793
1040,1966
2384,3813
2944,1910
3027,2414
1582,945
2672,2050
1397,520
3576,2001
1203,2844
130,1538
2824,4010
3372,4111
970,15
28,159
2543,3601
4302,1766
1040,4065
3281,2046
3775,1563
1328,1479
3805,2693
3233,1052
3775,2387
3472,3033
2363,4076
3642,2730
1275,3398
1274,4273
3387,3596
2160,2874
1537,3000
939,2763
2777,926
4225,391
1957,410
1262,2644
3833,3283
974,999
2871,1439
3056,2938
3424,3537
2387,2397
271,3326
1140,1787
182,2643
2552,123
1559,3074
2866,79
850,2402
3909,43
3662,4114
1422,2815
1590,4314
2562,1042
3732,1410
590,2116
1436,2542
1906,2347
2402,2279
678,914
3305,2204
48,3558
3659,82
971,3775
2721,2607
702,36
4330,3547
3819,2461
2950,3758
2198,1342
3116,503
1900,4293
542,1316
726,4407
809,3451
71,4038
1440,1473
3554,2653
2064,3107
2320,733
1544,111
3647,3792
4154,433
1099,1589
3467,1557
2063,2307
813,3459
2817,3590
1720,4003
2368,1430
564,3704
273,3643
2672,4206
1313,1857
1480,925
3170,3868
1345,194
3246,2516
1366,666
2362,2020
2699,3657
753,290
1813,1729
3418,2547
4215,700
3419,1077
1060,3054
1099,4292
1351,1653
1271,2020
2138,1729
3324,2917
2907,3074
1655,2816
66,776
2039,3289
165,2777
2040,3057
295,1570
947,3002
4267,2566
4185,2046
3891,3864
4044,2347
1904,912
3259,1836
1654,1748
1421,856
1604,4065
64,2204
4391,2246
1866,1085
1467,1776
3,3953
3800,106
2926,3210
2622,4298
1538,2152
4121,1616
2649,469
3056,2566
1316,2956
86,4227
527,3074
2491,2282
949,2347
2893,979
1796,715
4001,656
3595,1214
286,2133
418,3498
2150,3247
3067,2690
2144,282
759,3814
620,582
3743,1124
2430,587
1733,2477
1436,2294
831,595
3450,2254
208,222
3307,453
2390,4294
4161,3747
3470,718
1466,921
1988,2402
1125,2650
456,1557
2749,3382
3523,115
2709,2633
1076,3375
3836,2355
3686,1878
310,1749
3847,3602
3464,2291
4096,47
2399,3964
3284,2507
940,1798
1855,4296
1480,3798
1884,3446
3727,723
4064,1093
3731,1316
1301,914
1821,4348
2990,4340
2507,1200
2239,503
3682,914
2530,3824
1907,2069
384,3283
1601,2547
854,1392
1940,490
2813,3112
744,391
4193,3877
2406,2514
2339,6
460,4242
3182,926
2232,2637
3805,2352
4193,2294
2590,2744
3022,2137
1080,4026
1823,1129
3245,3530
2839,2354
3284,3238
3663,819
1948,304
3901,3446
3561,2561
1939,3731
2370,1340
2604,2347
483,719
2856,4151
2016,1251
4095,2778
3739,3545
1666,3275
1866,2327
951,250
594,3597
4159,914
3966,351
252,1286
2917,2547
3316,2123
3306,1347
2986,226
2105,713
1903,4144
173,522
3987,1504
163,697
3164,38
1197,3690
2354,1928
1619,2178
1501,3613
3806,2346
222,1336
173,1067
4321,2547
3,3147
1739,4043
389,1987
4228,1243
2559,1685
4271,3884
3331,4279
391,320
3018,4270
3649,3955
727,3545
3106,3940
1597,1089
1464,3326
173,2294
2526,828
489,3708
1903,2882
3705,3626
1194,187
181,453
1225,4035
2489,747
3667,1237
3647,2887
2691,4260
352,4065
116,2763
1351,3814
522,1320
2320,3494
1773,3731
3599,3602
3434,1776
2966,2309
762,2702
3982,323
3889,1355
859,3574
2914,1472
981,2034
1949,4299
4303,1132
3946,2448
3029,2632
632,3897
2321,1607
2515,484
3964,2772
3367,3112
1750,335
943,3290
1747,3947
266,2644
1669,3826
4045,1266
4185,2048
2269,4123
1969,676
3746,1337
2941,2608
246,260
3226,3275
279,2344
1470,1332
1107,2455
1121,2046
4312,4206
3104,2230
2940,1695
2227,1286
942,116
2896,369
3577,3974
2048,6
4228,556
1641,2279
3226,6
3973,429
2415,3932
1470,1773
1991,3758
2338,2644
3665,3690
3683,3474
4319,1000
536,2178
741,2148
3248,2054
453,127
4044,2941
1283,4171
1944,2477
1950,998
782,86
1885,481
707,2906
576,2179
3624,3112
3176,3637
164,3842
1289,3380
1827,2402
954,4351
378,2642
263,3231
1781,3250
3434,2942
4041,2218
3357,2151
4010,2937
2322,2714
2447,1914
4143,1473
3010,4193
1359,144
3412,1936
1597,756
2694,3185
648,2840
3659,341
2776,3383
1796,734
2513,284
3233,3674
3937,3289
1052,3410
1422,2864
892,2598
3801,1751
1170,2405
2868,2052
2428,2184
320,339
4393,1598
3170,2257
3397,2041
3256,4358
3281,2294
3213,1306
9,3054
713,2041
542,3596
2941,2294
3433,1659
1211,2186
3219,1688
4154,1597
2815,3845
2598,468
437,2152
3500,812
1692,1905
6,2552
1196,334
2367,1927
2669,730
3671,3344
3925,3074
3078,619
2760,1585
2503,2405
2589,3567
3895,3779
2317,3488
713,1572
965,3062
270,1401
1835,1109
2383,1253
1352,1970
862,372
1315,1079
17,1755
2511,3375
2491,3731
2374,3074
2728,642
916,3731
1488,395
4261,438
4341,3066
621,266
3552,2644
638,2405
973,2372
4011,1052
3907,165
3186,1827
3785,1055
723,138
2454,2379
2850,1059
2029,2050
1292,705
1773,2942
3794,4299
1164,3518
1426,3203
1941,2046
518,2204
379,54
3038,1977
2415,2425
73,1317
3967,3298
1709,4148
2691,2714
3622,1858
1963,1612
1298,2409
1247,2370
3017,2137
2495,2008
3279,1464
1047,833
1224,1613
2922,3172
1993,2294
1919,3522
352,1776
856,2116
1164,1521
3481,1089
1348,3024
1472,1971
2816,1241
3232,1677
4281,1149
1605,970
4153,3491
4130,2819
2943,4382
1466,3298
931,1516
1867,2502
2506,3112
989,2597
3026,3152
85,1316
599,2622
4353,3849
3696,402
848,2383
1164,1830
2850,4294
4193,4377
4340,1208
3231,3619
53,3043
2033,1077
2813,2306
3012,289
4038,1516
994,2376
4307,828
980,459
3363,1150
1324,2077
4346,4215
3270,3179
3418,3690
372,2793
3941,3583
267,3690
2077,3676
3877,2196
1320,232
856,2746
1247,2763
881,2636
1544,1316
2365,4339
4257,2694
2453,1602
1490,463
453,4304
542,1243
459,1132
3508,3296
3755,3327
891,1717
753,1611
427,646
2171,1221
2399,320
1313,860
3451,271
2162,4017
2694,766
3166,3020
3226,4377
2978,3074
85,1879
3286,1481
2942,2027
3233,1132
3882,2217
567,601
2527,556
3209,2542
643,3519
89,536
31,150
4142,1538
3979,2146
1906,1052
2081,612
3212,985
3832,3680
2462,2925
246,3274
1094,3447
2524,3275
1700,556
1868,4298
205,67
1422,2821
3542,2084
2655,1889
2040,745
3708,2344
208,1336
1481,947
3560,3290
3336,3078
1964,9
1135,304
3121,1914
3619,2458
1903,2804
3709,1540
3070,2560
1047,2404
2978,67
1866,1538
1263,783
2941,3916
2208,3747
2425,3798
3530,3346
1853,2084
3811,3853
3498,2458
3106,2116
1597,2027
3471,123
4191,2347
1738,3550
4232,3222
3978,1201
1464,1245
862,2975
3418,2542
3281,116
900,2119
1690,2788
1206,3476
3572,2064
1538,2793
3109,63
3402,4295
3037,2651
1040,3731
1658,3663
418,2027
1939,1773
2230,4322
2208,6
3738,571
3925,1776
4050,3651
3239,3022
741,1905
766,3702
2034,2059
2668,2502
548,898
246,4051
827,4013
1268,4307
43,3714
116,2046
4232,2660
3832,1117
2047,3252
946,1928
3296,3792
3246,3416
4168,2020
500,1663
1789,2781
3977,3030
2313,1268
3934,237
2777,257
2816,1228
1612,3198
224,2410
1385,1158
591,917
2824,82
3658,453
3967,4237
606,3678
2114,2135
3072,1454
3248,1359
2153,1105
2543,709
3494,1072
3434,2774
892,968
4342,1144
2007,3275
1753,1131
496,1221
1440,985
3985,2979
835,1394
1933,1035
3417,1970
3907,2357
4065,700
2551,1043
3673,2971
1018,2023
3245,3346
3860,3054
1964,1737
2757,3992
3682,3188
1872,4173
3239,2137
1152,1219
518,1121
3860,3590
3821,4193
2470,1818
2478,2218
1148,815
2978,2252
40,2637
2037,3073
2897,4272
686,1235
789,85
766,3246
3273,1776
3970,1122
1052,3690
1028,2254
901,3617
3860,1964
1634,1042
1073,4293
4355,3073
1574,3902
2461,2637
253,3424
4234,2728
827,4203
1414,1865
321,2046
1130,3843
1121,260
3193,2361
261,1275
292,740
2403,4228
3365,3123
961,3171
3747,2240
1870,4325
2154,1776
1407,3904
4193,55
2319,4394
2627,1065
1528,3663
3143,1462
1529,959
3992,262
1948,2714
3862,947
2049,4289
1121,1085
1623,830
3307,2186
3698,166
4379,2204
1087,4262
3419,3968
2576,491
3314,3211
3318,3874
1428,115
4044,4193
1053,162
1085,1889
4377,974
255,1088
3886,955
2393,734
718,1780
1210,3667
3247,1653
1053,2154
2254,4337
4079,2662
4197,1686
4107,3804
1072,2293
1537,3074
2464,40
3034,620
4109,2417
2054,4187
1030,2277
2900,2774
4202,2858
527,1316
427,3333
1739,540
3917,947
4152,1928
1018,536
3840,3283
2526,3947
1228,3798
4170,3280
1770,1392
81,2714
2523,2374
674,3139
4238,222
116,556
17,460
1774,64
2651,574
3556,4133
3325,795
1594,562
1559,3845
2184,2640
2484,3943
3531,1305
3197,238
3476,3630
2934,6
1530,2868
3850,920
2752,4181
824,4114
2749,4375
678,3870
437,260
3022,1269
2162,1651
520,260
3087,1686
3476,1733
1528,3235
4381,1571
4193,542
1828,845
17,2269
3927,83
4157,2461
232,3884
2025,3469
3346,1038
3616,2294
2924,1865
2875,3073
918,1829
2142,2514
2990,1208
590,1947
4347,2027
1170,3921
3367,3346
351,1575
3008,1533
1084,794
226,2537
1543,3594
4344,2339
1849,689
2051,552
590,2365
2092,4181
459,3594
3489,736
3434,1316
2868,926
3924,4234
1319,344
246,542
3672,4218
2221,2138
971,2472
1598,3135
3008,910
2491,1686
3856,2939
1192,4193
4242,3697
2044,3916
246,3079
72,4233
3906,1956
3861,1
2468,4087
2467,1962
2664,3010
1057,4108
1572,2528
925,249
3751,1312
2365,111
4176,1688
1037,1486
3527,2793
487,2637
2868,912
2229,1157
3280,719
3693,422
3926,3335
225,3787
1198,2405
3941,2760
2336,2937
212,316
90,2459
2628,444
260,291
3470,4373
272,2742
2083,2516
3200,1541
219,1169
3881,2279
1128,326
3973,594
4225,320
3470,1780
481,36
902,3620
258,3068
1245,3451
3070,2404
2351,1804
3032,240
2116,111
2596,2747
225,3503
4090,3107
1733,3476
3651,4050
1732,2775
414,1959
1121,1479
116,3074
453,4123
628,3944
1051,1901
3856,3339
1852,328
2005,2425
3730,3521
1475,4132
2848,2179
1558,388
2637,3680
569,1062
772,2967
1790,1844
3183,3054
387,1363
1547,3468
2606,2785
1339,3364
2913,4296
2907,2347
1996,3978
1204,1928
2558,2566
3551,1221
985,1947
4307,137
1964,3787
2355,1887
14,3488
2131,40
4245,4378
4136,3082
4201,192
4406,3115
779,2122
3800,1789
3906,1132
2581,3419
1559,1751
789,1317
2116,2374
3741,3354
3151,3498
2557,2186
2057,3921
3517,116
1781,1407
2989,3410
530,107
2388,2116
3856,3523
3397,2346
3833,3159
1718,1077
3233,3906
3180,1129
3962,3901
4181,914
1040,828
3331,1138
146,1635
398,3243
1993,1067
4259,3097
4224,4269
1351,1865
1585,436
952,740
2401,3215
4042,2294
648,207
3471,4367
2506,3530
378,2404
2870,17
1234,1601
16,2233
4280,1865
1131,1960
310,1567
1422,320
85,828
80,2288
3208,1946
291,4228
3957,320
1237,3667
118,1201
2376,1281
170,2394
2782,3545
1031,2205
391,4189
4307,3274
1232,1797
1966,433
4020,3958
3578,2639
3389,1345
816,3520
3609,2771
1231,1542
1941,229
905,3092
2922,852
3214,52
1666,2048
2843,2151
263,1776
332,4193
2292,249
2903,3195
3602,320
1027,1132
2426,2079
383,2775
3004,2660
2593,938
1540,3690
1653,1928
4154,439
3424,3863
2837,1434
1428,1439
1467,3041
4196,2566
2900,3665
2909,1316
2435,3630
3187,2211
195,515
2864,2744
1984,94
2007,2046
1276,3448
2047,1857
1151,1484
1037,2984
3945,4046
2030,40
1201,2410
1277,2171
137,3074
3576,1215
1996,1201
439,3761
3471,3948
535,3662
602,1976
1985,2405
4303,4043
681,3318
471,486
366,4322
4188,596
4159,4181
4136,1653
2537,339
3572,3107
3728,1352
3974,3159
1369,4125
3624,2050
2022,3492
658,1822
3137,3522
975,4286
1404,3250
1439,1200
3390,3275
3940,2793
2388,1872
2661,2186
3436,4152
4373,1780
3419,1088
932,2946
2230,3944
1996,3029
3674,4193
178,415
384,344
1969,2316
131,3489
3299,3130
2291,3709
1667,3511
4009,3191
3147,140
195,314
1463,4104
1081,1928
243,331
59,1865
2691,1947
2842,1730
733,4305
861,2093
1970,756
1962,1288
863,1698
708,2542
267,2547
694,3600
2365,2355
173,187
4049,638
2923,2455
1498,3918
735,1108
4104,783
1572,1804
3743,2650
3338,537
782,3921
730,2542
452,1320
3841,1620
76,974
453,4160
799,1316
2144,833
4270,1756
479,3595
4289,1544
2526,4347
796,970
2247,2413
3350,4292
344,910
4173,123
3188,2151
182,129
970,2541
4062,3000
847,4021
655,1041
3751,2034
1775,1360
567,3790
4041,2030
985,1789
3403,2430
458,287
372,3046
2374,1735
1680,958
67,2612
2434,698
2906,510
840,1109
1630,1294
2010,1901
4375,3974
471,2651
2735,514
758,503
1242,314
3494,3536
1430,1150
536,1199
3340,1088
1879,1970
1431,2454
1152,3191
4059,722
970,1581
683,4234
2869,552
1668,2366
575,4167
997,2946
1606,1755
1115,621
1474,135
187,112
3314,1701
2150,4152
1746,3002
3379,3424
3851,1011
546,977
3240,1362
2394,4370
3018,3183
1765,320
2959,2375
4185,2540
472,4227
3980,795
3789,305
3374,2793
985,503
61,3877
789,404
3828,3747
2850,4020
1601,3418
3316,771
3444,554
3247,3876
2449,3073
1393,1688
1657,1564
312,222
1644,801
658,3234
338,79
1111,2126
4385,2431
1531,3155
1391,1953
4389,705
1969,4298
1267,1510
2365,67
4316,3255
1053,3947
916,3324
3268,3551
2386,107
2607,3798
2233,2386
3404,2554
239,169
2351,971
1754,1924
3731,3947
792,2964
529,455
3183,3590
2891,3761
1073,2542
24,695
2088,1620
823,2230
1959,1563
1648,1162
1094,3369
3412,2351
3074,2547
2429,1449
3505,1776
240,3482
790,2541
2864,1144
2803,2050
3148,357
2988,1832
2564,2754
2772,320
4036,2764
1683,734
4132,3054
3072,2587
1707,2212
3360,354
2925,1603
3397,1463
2759,3518
4133,3992
315,3951
3305,4306
4002,1857
1906,1042
4154,2027
908,174
3,854
3038,2858
1693,3381
2022,1956
2342,453
3983,3592
2621,1068
3239,3068
4171,3033
723,719
4168,2603
4159,2447
0,3643
2030,2218
4336,2898
1770,1982
1913,1365
2811,1201
2917,769
615,736
2124,3436
3731,1089
2084,1067
3226,1601
1037,2055
750,346
233,4052
253,1055
3534,1612
4133,346
3904,2514
4307,2027
3061,1286
2581,1077
3151,1317
1466,4015
1121,2252
1421,1538
334,1002
4296,3121
999,3690
3146,3921
1413,1161
1186,4399
3004,3191
3047,1035
4207,2028
3188,914
4228,2542
2034,3318
331,3354
4086,1819
67,1544
1104,2052
2932,3223
660,1512
1247,4337
2662,1882
854,2436
907,1452
4185,2714
3930,3469
700,3073
844,1067
1774,3538
1826,2171
4046,3099
3692,1905
3623,571
511,3416
2774,3690
2621,1192
1474,3602
3327,3625
465,1316
683,642
4208,4242
846,970
1526,3646
270,4341
1757,3074
2354,1865
3205,877
1544,3252
3284,3019
527,2294
3410,868
3151,2458
4080,1408
4188,432
443,536
2680,3959
4239,2653
1050,1283
3010,1857
3403,2721
4226,410
3307,2661
4401,2013
3936,179
3808,1928
1382,2630
2967,875
751,1457
366,2388
2698,1864
1319,4150
1381,698
3361,2158
2354,1653
1892,3128
3846,3880
3770,3145
2743,3235
2720,3670
1208,3690
2881,1093
1268,1297
3172,4385
2486,701
1103,1957
3722,3128
3693,3821
3151,1767
2091,2763
1641,3701
1778,2376
1732,3882
2778,1612
2991,6
147,3379
3499,2179
1724,3371
1050,2530
3653,719
1866,2374
600,3252
1348,2094
382,2279
2134,2038
609,1128
2487,3749
2314,947
1480,2046
2208,4369
3041,2000
2513,1149
2910,735
1001,6
2284,2212
4331,3014
2320,1072
533,3289
3691,1223
1689,698
2878,3845
2301,4255
2358,962
2196,137
3761,1015
3482,3214
452,1403
1053,433
608,531
1806,2077
3363,1948
3307,1755
2529,305
3395,55
1131,3163
17,2026
353,2967
632,4383
789,1966
865,1897
1535,289
1025,1093
1268,3709
4130,1181
3694,429
2947,3959
3,1236
489,4256
4252,38
2779,4347
241,3874
563,2717
1869,748
4374,3920
4238,1836
617,1281
838,3033
1595,1137
4339,2116
2135,2091
1810,4234
1146,1253
2863,3252
3167,3813
4401,4087
1576,1407
3378,2425
4216,2458
2010,3283
472,573
2441,1371
3978,2632
2049,1052
116,1700
1403,1093
1365,1865
484,4073
3355,4046
2779,1857
3252,1316
1313,2524
260,116
88,879
1332,433
1561,320
1130,3990
3762,4394
2187,2767
443,1144
694,4358
3821,2821
81,2294
3598,3261
1866,2746
2849,1835
826,816
2735,2646
1060,3683
1762,1201
3134,1532
437,2294
844,284
3677,3814
3368,2450
2131,3688
895,1992
1479,3074
2418,594
2269,861
2813,1222
777,3157
559,2405
915,3160
58,3758
1221,1253
2164,3941
3731,1768
339,2640
1268,61
1234,1073
3683,3054
2527,2547
2856,935
4015,1175
3734,1337
2047,2403
1052,2793
2847,3601
2792,36
2818,4308
2059,2952
1170,4227
594,1077
4281,304
3018,2501
3656,94
4061,1891
1259,2598
254,797
1101,155
2478,2231
1939,2027
2793,2178
769,4337
1688,1195
1800,64
2581,526
708,2527
3464,4193
791,2580
4268,3320
2948,4407
1083,3682
3229,4080
467,1129
3956,287
1857,974
375,2343
958,3274
2547,3690
3190,3776
206,1181
2540,1132
2049,2858
2815,4191
297,4156
2185,1620
4228,3690
1961,2952
1129,769
4271,3275
1229,2580
722,1936
1968,123
499,4099
3959,3428
2485,3074
221,2240
1789,1559
2991,3281
2990,2020
2123,1836
3317,4229
1056,450
1855,2151
3471,1025
593,1265
2703,287
924,1872
1859,3913
3445,3391
2282,2770
3041,1970
1083,741
206,3997
2112,2315
3652,2351
4377,2448
3008,3206
2484,586
2871,1200
109,3092
2047,1316
1260,3378
3602,2046
3593,3689
3710,1035
403,780
3463,3135
1753,3026
3250,3041
2394,4230
1105,1865
3507,303
2015,1894
3284,2560
1174,3625
883,2781
3027,3863
1098,3864
876,3493
3303,1210
3524,765
1762,3029
2595,2377
1287,2824
41,619
789,1776
1440,1758
762,4007
454,3777
2820,3567
3974,3488
29,595
182,3921
3682,4296
4021,4233
2048,1093
271,1245
2913,3381
246,3944
1330,2354
2349,123
1649,1973
3946,4377
3476,1230
1546,2598
3726,3906
1549,962
2969,3924
3079,2347
2106,4193
1276,526
931,542
1788,196
1168,2355
3447,2019
289,2472
3311,988
2543,1987
594,1897
3839,3602
2850,2374
3505,1966
1208,1857
1437,2704
3831,75
4193,4213
2476,733
1866,2878
4011,1403
2013,4173
1116,1758
1699,4018
2878,2746
1125,2819
3648,3121
4405,2533
4024,1897
3134,84
3451,1464
251,224
4193,2448
1803,1390
1598,3210
2684,1316
3035,1391
3866,317
4005,947
2120,1089
4193,1129
1951,1512
3404,410
2506,2636
1168,2514
3934,1971
750,262
3914,2705
3764,2704
1700,3884
2415,174
3368,307
3220,2048
3727,1688
1314,522
3074,3690
4193,2942
3268,3588
518,284
1474,941
370,3414
4053,1688
2832,2409
4152,3876
2812,265
4401,3131
1288,2325
4339,2020
2493,2082
1718,3427
4332,2646
3090,3969
4235,1316
3097,1651
3702,3246
1481,1694
3857,2584
3084,4074
2691,535
2255,4311
3324,2294
699,289
671,3882
1156,1099
3972,1822
2577,2950
2652,2400
1068,4249
3237,3089
1211,2661
1234,769
4041,1987
3956,3215
2468,2013
789,1773
3906,1316
1387,3990
4347,3041
4123,1734
3526,2171
879,3943
4007,2702
1034,1928
551,2096
1385,3115
1313,542
1424,914
4028,2614
740,2192
470,1472
3335,1088
1751,2229
3217,429
3966,123
2694,1269
2422,3957
4143,3668
3481,3731
4352,2428
3004,1392
2647,1473
135,1682
56,2152
4402,176
3833,4080
1649,3402
1196,2374
3225,3853
3825,1445
791,2171
1411,157
2163,3826
4028,3529
1008,330
1121,3274
4235,3709
2118,2950
27,1250
289,971
1474,2347
4280,1105
744,3310
3366,287
2451,1544
4225,1101
3576,828
2047,3731
588,3663
4286,722
1930,4097
1576,3904
1987,1209
2815,291
3183,1579
2864,704
542,2711
1800,3224
2463,1571
4224,4320
2784,4341
3010,1297
4133,2366
2922,192
4239,2560
4334,780
2402,1595
1788,106
17,127
4102,1505
514,3709
3297,3998
16,901
916,1215
1608,443
1428,1200
1451,3690
2283,2031
2144,1047
4296,3625
1837,3921
1186,2263
829,3852
3367,1932
3138,2767
2073,1463
3266,3808
4379,3342
2670,3906
2043,2548
943,867
1074,2479
745,3941
3835,4341
3946,2046
2118,1905
2374,2178
2231,2218
1537,2942
2844,2547
3533,57
566,1544
89,2793
2805,1093
165,3182
2778,2405
2069,780
2974,3916
670,123
2239,4355
4281,64
3467,1901
332,2196
1079,553
4222,2738
637,1684
1538,3527
2485,3946
3285,1540
85,1317
1878,3033
1534,283
3518,3915
1044,1033
1640,34
3273,1332
447,2958
1400,1971
3010,3387
1783,3600
1906,542
1957,346
4374,1221
2548,1865
1866,856
542,1540
3954,4361
11,198
1050,752
276,1364
1487,3074
3016,2460
1067,64
2032,3210
1573,837
3524,3758
534,2591
3925,4307
44,1085
1092,3321
2747,1688
619,3336
453,1755
1170,1794
3302,701
2040,691
2007,1479
1426,1970
2002,1482
3885,137
194,3968
3019,1621
243,1937
1416,2793
757,3491
1116,1216
3230,2771
717,1615
542,123
2007,1243
546,3293
2451,3281
4371,1519
3749,917
3925,2491
1753,3256
4274,4083
73,3203
3217,3463
4377,2527
1176,141
2659,3798
3721,1237
147,3863
1743,284
1650,1744
833,82
2729,439
588,2804
1053,1879
2388,799
2230,2485
1166,3474
2119,2775
4225,2178
489,2344
4300,3866
1924,4173
2839,4162
877,1012
2853,2074
1988,2279
2914,3222
1313,1540
2590,2537
4374,1253
2394,1620
4226,1668
2282,4337
2493,1366
1487,291
2377,4355
4393,2648
1151,2202
3255,947
518,57
3772,3662
3183,4270
1655,3798
246,1316
1666,786
3545,1841
2048,3275
1559,291
1264,3921
1781,860
1573,3814
2546,2436
1215,4065
2038,1093
2118,3758
173,2046
1866,2612
2781,2374
542,4228
518,2670
386,1787
1046,3381
2798,2712
86,1589
699,1572
1949,2520
352,687
1802,2499
427,1192
3760,1056
1168,2527
1023,4056
1999,1959
2622,676
17,2661
2562,2844
766,4400
85,1089
3589,2355
538,2103
1808,2720
4341,296
2863,4173
2113,2347
2839,1653
2372,3614
2472,1572
4150,3974
497,1457
458,3366
2705,2925
1893,1320
1516,4114
520,1540
4228,2527
1987,1377
653,415
1865,3030
4061,3459
3141,135
916,263
4145,2189
2520,1456
3702,2419
3545,3883
1954,2754
4396,40
3664,3094
986,2764
3251,63
1960,3849
2641,3030
559,735
2251,3983
1589,2635
2451,542
4337,925
2910,559
2929,2514
2868,3950
1395,3175
3885,2727
539,2279
3424,3511
3387,57
3591,1408
4386,2593
4319,3787
3914,3090
1632,436
609,680
3104,3074
2447,3625
520,1085
321,2254
1951,643
3486,371
3944,2714
3064,2140
1444,4382
862,497
3273,1966
1282,4398
4260,85
3357,1855
4038,2027
2187,1253
635,184
4262,3915
3262,3731
1422,503
3250,542
654,2171
2909,111
3728,1134
1180,1249
1696,2793
3383,718
1545,926
3231,1776
1800,2208
3443,1383
2386,530
948,1509
1842,1928
578,1953
1075,297
3074,1243
1134,4173
3953,3296
3456,2844
1956,3074
372,2165
3187,3723
2685,3852
1614,2971
3045,3357
4261,4140
3836,291
2873,2307
2403,2774
3912,1067
230,3021
102,1970
2968,2397
789,2037
3327,695
2760,1865
2974,1843
2151,695
4170,2580
1757,2347
77,3943
2526,2000
1179,2518
2316,3384
1644,3252
742,3943
3242,1533
1273,2121
1983,1160
809,1245
2351,1572
3400,2836
1925,3974
3787,3487
3739,342
203,1439
260,2294
1463,972
1516,4347
3142,947
3543,2410
1443,3790
2844,3877
1666,123
183,3349
3456,3074
2817,3487
2222,40
2180,698
2915,873
1652,2849
502,3073
1268,3252
7,3808
3991,4173
4011,377
1205,2586
2801,2598
1165,1766
3047,1750
3502,3865
2342,2026
2862,3375
1601,1700
1779,3119
4224,2539
4333,3114
263,1089
2693,3797
3505,4355
1126,2794
1037,1427
1173,2307
1284,2294
2496,2355
1473,2590
2175,2822
4193,1144
1187,62
1071,1622
3178,1226
2049,2540
4349,4014
916,2027
1269,3702
499,4165
2831,3002
2374,2152
2836,1201
1869,2293
3619,1093
4123,2093
1619,2375
3605,1613
3494,2077
778,419
463,1490
4202,1391
1552,386
401,3634
1634,4306
3772,2347
1747,1966
2040,4389
1646,1125
3170,842
229,2091
3540,3334
687,756
3000,3203
3713,2696
3104,3086
3244,627
270,3854
3648,3682
1145,2277
3385,2674
339,2370
3357,914
3940,4294
1830,1083
3464,323
1715,2046
2598,60
1040,958
2850,1538
1234,4043
3104,2978
898,2857
2479,123
3273,3731
2845,1435
2108,642
350,3900
1933,2485
517,3074
2010,1051
3116,2793
4001,2116
2479,232
2890,780
605,3901
2242,2027
3593,3955
637,3030
2638,799
2391,2315
3827,1752
1906,4193
2837,2052
644,1078
1945,1088
1866,2020
629,3347
2247,4395
3602,925
2116,536
3227,3686
1421,1947
4176,4053
322,1980
1274,3713
4281,1800
85,2942
647,2913
3638,682
2780,3787
2673,1085
3448,1077
2562,3731
1756,2456
607,415
4084,3229
3442,1835
2934,730
1405,2598
1341,1108
2084,4161
2268,3731
1540,2403
821,1057
3093,6
900,249
2603,536
3071,1492
3349,1138
3709,260
3135,3210
543,3667
2875,3203
3010,459
4149,1293
2312,3214
3854,3066
1247,1340
4322,2714
1978,419
2208,2552
1961,4121
2570,3366
2901,3483
3879,1032
2821,1129
3379,4007
4357,1676
307,2971
2167,949
3310,3918
3619,2891
1776,3281
2549,4150
3821,2347
2715,3388
2692,2138
3887,1598
3118,2244
4260,2959
4185,2479
3471,801
1810,516
3538,3074
367,1987
791,3727
3931,2417
4264,717
1109,1835
3972,288
1381,4234
3656,1984
4069,917
1700,4228
1598,3164
2969,4395
4409,516
4240,3757
4189,1144
3489,4214
4006,2788
2137,2948
1906,1543
2426,2465
3229,3636
3154,2061
1381,2837
1765,1473
2879,1425
4345,3852
312,582
542,116
4387,4008
2725,3635
4106,2155
879,2630
2091,860
2514,780
3658,858
2855,1192
1895,1821
165,140
129,1669
2320,2246
738,3678
246,2684
2647,4260
2951,3428
2508,1425
4002,1129
2270,574
1556,184
4193,3709
135,3274
816,90
931,3528
1794,3961
2809,1588
3165,461
130,3253
263,872
2665,1755
1686,3761
1421,4142
923,3387
249,3798
4249,3074
1320,4173
2141,1688
2167,2347
45,1431
138,3043
2930,462
1072,2246
3531,2967
232,6
1227,104
1781,2844
3920,1253
3434,1089
3837,15
431,117
3424,171
2844,3731
1332,828
4278,2644
2693,2352
1749,1567
1811,3221
2339,4367
1869,2246
3233,2909
4271,542
2485,111
4264,2347
3194,3060
1036,346
1576,1132
538,2573
514,2646
2638,1516
1601,2046
934,3175
3884,2240
3418,3074
2097,79
2204,3224
1060,4270
2452,242
696,3179
2027,2000
4322,123
2990,3250
1091,32
116,4377
2977,68
3370,3129
2761,3921
1489,2421
519,3354
1518,2653
3877,3709
1124,2626
2396,2494
2581,4331
590,3538
1056,15
449,1818
3236,1928
1998,2662
3517,3898
1171,1843
2592,1335
2843,3625
3086,700
2815,3801
3597,594
3344,1832
575,166
3826,2635
1279,3462
20,316
306,1887
2229,1857
1498,2116
1364,3805
37,2024
100,1370
447,4210
1906,1857
3305,1093
4157,40
2950,2414
3947,2027
4310,1387
1759,354
4168,535
889,291
885,3101
3142,4104
2451,4193
1931,2643
2485,1544
2727,2814
2346,3002
344,3488
2621,3674
4036,1130
1434,1653
1741,2077
3938,250
3686,1434
2858,3334
604,2417
1960,1131
4322,823
3753,1792
2628,3489
3226,291
2677,1818
3626,1946
2072,4076
2423,2294
1020,3590
3663,2579
2049,2485
3297,724
774,176
362,884
3987,4290
4020,2116
990,2824
3329,1137
4193,4114
1178,962
2711,1601
628,2646
4337,249
1690,1228
129,3146
638,3921
1735,925
366,1093
2864,391
4125,1311
17,2018
379,1474
245,4098
2806,623
1767,756
2374,536
2040,2801
3334,3528
2941,1872
744,320
2535,2026
2638,3709
1544,2547
4159,2843
1956,4228
1009,4337
399,3981
2679,3756
1762,2453
260,2881
3860,1737
4199,2074
1678,2973
1104,3666
1739,1799
4011,1101
323,3904
4362,3271
3577,1745
4294,868
2659,2420
3047,1407
1128,4138
1159,1845
2576,2971
448,1974
4203,1129
4005,1481
4099,1199
3342,1067
3582,345
3697,2557
4193,3690
3806,2404
1391,1132
4293,556
2174,32
3450,860
3821,3693
4193,137
3226,3074
1806,1291
2850,4260
101,914
1467,1516
4177,4062
1282,2783
267,1956
1388,1550
3305,3262
2850,1989
690,3144
2091,556
916,3231
4204,2936
101,882
1559,3877
2077,1648
3250,2612
32,2500
1826,1181
1262,782
984,3204
3151,828
2215,4347
3712,1303
3199,3434
4215,3203
3054,3590
4280,3814
2647,2229
4212,3065
2217,4314
2259,1305
76,1544
1439,115
167,4218
2377,1426
2818,1980
3138,2987
1421,291
1268,3845
1357,2963
1800,304
1023,3498
551,4072
2876,3252
187,232
3055,1668
3589,494
1149,1220
123,730
3022,3246
3231,2027
793,1375
4012,17
3023,3530
2657,3487
4193,260
1402,560
960,110
216,3933
3147,912
26,3770
4158,157
453,2093
433,3000
1114,2927
2193,2436
3305,3086
1154,4037
1274,1202
75,3777
2149,426
2588,1612
638,719
4062,2027
1289,3174
2939,4384
336,522
3045,75
1559,3252
1054,3289
85,4215
2742,278
3215,2361
1261,1392
4006,2607
4327,3385
774,3062
1332,2027
282,82
2797,2458
536,2374
645,2994
1197,4087
451,4384
4355,1767
444,3489
2388,4289
3872,3817
3294,166
3481,828
4215,4065
4025,6
1157,3709
958,3203
2794,2260
4317,55
1121,2673
1672,2651
3961,1794
984,3019
1134,123
662,2343
1106,2347
1566,3082
1700,2254
1188,4052
3953,140
1053,1604
4193,1297
1479,2046
641,4065
976,1077
3008,1408
1301,3625
2141,4169
1494,2650
2161,558
1783,176
1771,3331
3012,2140
1121,2485
1548,1865
2504,3397
1866,2673
344,4188
1993,304
777,580
1155,1620
1440,291
766,1417
6,4228
2221,1729
3981,1481
766,3068
2295,704
1801,1106
4226,1957
3494,1869
2983,2421
4056,4154
2169,1833
4185,2542
2815,1316
1428,2653
2659,1626
3915,75
913,2875
253,4007
3388,3572
352,756
947,3255
356,2279
471,574
366,1035
1160,424
1052,4228
2341,4253
1452,1326
246,3281
1019,740
3283,3858
4324,2076
4011,3074
116,2294
1666,1196
3893,79
2239,2347
3686,3033
3165,3002
445,1804
3042,2911
1958,3293
1648,1688
2878,1559
1677,1291
1932,3245
1540,1101
1355,4020
2839,4280
4171,2052
2312,3335
4094,4386
410,1036
2247,4206
2208,123
967,27
1856,536
3174,2050
2022,3690
4244,168
2506,2092
4027,4181
1224,3235
1277,682
1360,3669
2356,1325
25,436
3648,3441
1657,3767
217,317
1372,2136
3967,1466
2004,3638
984,3644
216,3698
2963,552
539,2381
1866,67
3463,3802
2374,2420
2858,1203
1544,2865
1196,1457
1801,2670
4313,3210
1491,1971
3409,2514
1422,1144
414,3775
2287,1928
542,939
4268,4375
1548,3695
2701,3046
4409,2413
3183,3787
1600,318
4123,4160
3732,4356
652,75
135,1129
1262,1589
3579,2772
854,1261
3230,2323
1901,3283
3487,3054
957,515
21,3135
2009,3792
3245,3996
445,858
1290,2033
2230,116
2757,1668
1715,3662
3000,2027
1537,1089
581,1634
2291,949
1900,2917
3970,2617
1053,4062
3449,3852
3562,3057
662,1308
3243,2644
246,2084
856,291
4273,3482
4396,2131
447,1305
3307,460
318,1822
1781,3731
976,4331
3404,551
2348,534
4223,12
1219,4009
3841,2514
2271,2382
2477,3630
3294,3381
641,1776
3004,1261
3406,2956
2871,115
3802,4024
2991,2540
759,838
1421,1559
3573,3639
1680,700
3771,3826
744,4225
4158,1411
2283,2517
1916,2648
470,1392
1053,2289
2969,683
3731,3690
3877,3074
3250,3662
476,3747
551,410
3548,2554
758,2091
4116,1380
1436,1540
554,415
1381,2052
410,1668
2376,3353
3739,2010
1480,1241
3903,685
1391,4043
2774,111
4340,1776
586,742
822,2178
2937,4010
1906,1540
2840,828
2805,6
3420,2634
788,3128
2799,1726
2142,941
3258,359
971,1563
232,3275
2229,3252
3914,3979
165,636
3003,3764
1860,844
1561,2537
3257,1461
3307,2651
3584,432
3047,335
2659,1735
2878,1085
4410,938
4306,1857
3285,3944
2765,1122
2006,2050
1925,3382
1265,567
2497,882
2394,3179
372,1457
3982,1473
1530,259
3867,3043
3795,1555
538,571
323,1407
3125,3598
4116,3147
2018,1088
1024,2715
3010,1316
2071,706
3010,4289
3889,123
2154,4347
364,111
297,2027
2374,2640
3856,1518
1002,3275
3524,2950
1837,2635
872,1089
2727,3662
3883,2512
3645,3161
1807,3918
851,60
1824,3356
599,2316
535,1129
208,1836
3142,3115
2112,2391
1022,4193
2210,716
2659,1559
4322,4064
3187,1607
2921,2293
3210,415
3733,2881
1540,321
787,3488
2948,1281
2471,3674
1985,2769
2337,4137
1885,1610
835,2157
579,3865
2351,289
3619,3761
4101,2660
263,2027
3863,2414
3751,1671
17,2665
3540,2047
2037,2027
3575,2034
3252,3594
1770,1261
539,4077
3640,17
2582,3557
156,4046
470,2914
4123,2026
56,467
3743,2626
1470,2027
1634,942
2224,741
1321,3283
4191,3836
530,2233
93,229
4191,3074
1305,3666
2928,735
3410,2779
1665,1490
2144,1439
1969,1868
397,4358
744,3602
869,3583
2485,1042
2547,3074
531,1789
1501,3339
1053,2942
4147,75
2316,1868
2035,2045
1190,1294
3422,1316
2645,199
928,311
366,1559
2909,1857
931,4065
2850,3559
2774,885
2646,2116
2468,4173
1056,894
4126,3286
2546,3081
3440,104
3160,915
764,756
1648,1881
3104,1857
3463,3694
2097,2962
3556,346
1879,700
3100,3545
1503,2793
2168,314
3471,4173
3531,875
1385,937
506,2116
3029,2713
464,1946
4390,659
1428,3554
3406,158
4352,985
3664,1691
3552,3803
892,643
3658,2267
3538,1042
542,6
3507,2294
985,4306
301,1360
848,3015
3502,2849
753,569
726,2948
2549,3382
4171,259
3281,556
3808,1865
2267,1095
2296,2046
3,2868
3705,166
2879,1014
1319,1183
2878,2673
403,2514
4159,3625
3611,1031
4053,3952
972,4104
1466,4082
3082,3843
4193,3594
2914,2598
4335,2309
276,2693
3230,1166
3495,1478
3715,2352
346,1668
253,4210
434,2714
2521,2099
2435,2610
2580,719
2088,3274
2329,2723
4045,2715
1152,1392
3300,1032
2326,2145
1739,1956
3889,2850
3074,291
2524,232
2139,2382
4293,321
3783,1685
3657,2699
2338,1481
1781,4114
2962,79
3694,594
4290,1504
2689,1252
4324,1494
3755,3666
4346,542
3618,710
2394,57
3273,2942
641,2347
4054,550
3564,859
3010,786
2709,1839
4243,3883
2200,279
2828,3375
480,785
2491,1776
1352,3046
1964,4132
4150,3283
3394,1395
3278,3663
3545,675
1036,4133
3013,3749
853,385
1758,3069
1774,1067
3088,79
1121,1042
2030,2231
1458,36
542,291
1611,483
3419,526
2066,3647
2442,2920
173,2339
2091,4377
203,1485
2229,2154
744,2793
3278,4121
3045,914
351,2430
3561,2245
3169,3798
2482,1238
1071,441
214,514
1318,80
2156,184
3233,1068
888,3307
2254,3904
1306,3921
3682,75
3434,3731
1822,318
2096,410
2183,3054
3199,3073
2188,3666
2475,107
3541,3521
418,2729
2496,3836
3358,3938
196,2007
2158,2514
4038,263
3336,619
520,284
382,1137
1113,3058
4123,1606
1504,1175
1020,1737
3888,1105
3801,2196
1511,534
484,3319
2827,331
294,2474
4025,320
1577,3852
3018,3487
32,2174
355,3703
1068,1067
4375,3320
984,658
2501,1664
32,3960
2270,2651
469,4341
3726,2091
854,2598
2403,4289
2706,3826
2116,868
3358,250
4239,3523
1666,4099
1494,748
2889,3336
343,4348
3659,1315
2647,3589
3124,2747
1789,3074
3844,3676
2365,2327
643,1512
2753,2311
3674,2448
848,3078
1165,1138
671,780
2545,4262
3915,4147
3516,2547
3419,3340
437,3074
3192,123
3410,4294
1540,1316
3272,2081
4354,3784
2611,2514
2450,2971
2852,4131
239,2775
3339,2939
263,4065
985,391
981,952
1343,1911
7,3814
2255,672
3966,3224
3697,2186
1353,1672
263,1970
3335,2140
2876,974
973,3614
17,2272
2684,1857
312,620
753,2145
1268,2978
3000,1970
4098,245
471,1672
1573,1928
3640,3071
590,2878
903,3358
2652,2927
2279,1946
3501,1554
255,4153
856,2327
2393,1688
2395,1304
646,4193
2959,3410
364,1947
2332,3706
3935,2279
188,2116
1289,2050
1415,2137
1938,2347
2118,2577
61,2781
3686,2728
2034,2299
324,1805
2358,465
207,2370
2649,4341
2162,3097
3614,3407
1391,1257
1017,787
1821,616
2093,2026
3659,3639
753,596
1230,1733
1168,517
1266,392
4193,2917
332,4191
2659,2374
544,3346
2683,2206
861,1734
4232,4009
4399,740
1247,2046
3652,2073
2464,2131
2026,1088
3294,1827
2038,162
3418,556
3342,284
2841,1589
1067,4249
3787,1579
30,3756
2388,2152
3986,3657
4042,187
3205,1751
1487,3877
3421,1293
222,1836
3731,958
843,3504
1703,4161
3641,3488
823,2294
883,323
1623,1542
1153,2994
1345,1782
3523,2653
2494,2681
2259,3531
2884,901
2808,3483
3145,3770
2551,2819
2680,3442
2609,3155
1317,1426
680,1128
3425,2050
1378,1590
1343,2607
63,3251
1302,2690
2991,1316
2863,1857
2705,3979
3078,4368
3141,3602
771,1836
2267,3113
2262,832
421,4337
3361,1383
4193,1243
910,3159
4064,304
2171,3588
1018,2152
2778,2663
1549,465
2863,4087
256,2119
2562,1966
3246,3702
301,2076
3258,1485
3628,2599
3781,3758
3432,136
3781,2058
963,3387
1949,1456
3724,2179
3273,1604
246,2779
3068,1269
3560,3999
1240,3024
2972,4337
274,3913
1828,2872
1425,2238
2383,1688
111,1316
542,1857
687,2458
2069,249
3010,1121
1227,2651
2774,291
2805,860
4016,3974
1361,3572
1379,2385
1376,3904
3505,1773
4317,1141
2010,3382
95,880
22,64
364,67
1700,3690
2269,453
2961,2347
3034,1098
3647,1367
2863,1316
3346,2092
2744,1144
3047,780
