4215 74 1
622 564 0
2313 3505 1
3371 3973 0
3567 765 0
2061 1619 0
3885 2347 1
3899 2108 0
3533 304 1
3170 4400 0
2497 1329 0
1027 3690 1
525 2159 0
4249 188 0
960 569 0
2973 1690 0
445 3384 0
1114 2063 0
2510 3639 0
2282 3805 0
777 745 0
1063 3068 0
1770 280 0
3856 1425 0
291 1243 1
1068 2975 0
1085 162 1
3802 1901 1
3946 6 1
3835 523 0
2869 2861 0
247 3933 0
1123 2266 0
2807 168 0
136 3234 1
2703 3209 0
2950 1506 0
2858 1387 0
141 395 0
2424 4295 0
990 4010 0
3424 2275 0
2925 711 0
319 1650 0
1018 858 0
1638 484 0
1995 3487 1
3367 718 0
3827 1878 0
401 3226 0
377 1403 1
508 460 0
2513 1320 0
2865 974 1
2950 3863 1
4400 2422 0
3517 1243 0
4296 914 0
1538 3149 0
3021 4214 0
4056 3576 1
1128 2713 0
1113 2337 0
3945 2374 1
842 1616 0
2650 672 0
3510 2717 0
3733 2294 1
846 2829 1
2714 3823 0
2878 3410 1
3002 4036 1
1085 3690 1
898 2131 1
3787 1897 1
2596 2650 1
3731 1776 1
2187 734 0
799 92 0
753 4188 0
635 3347 0
2191 187 0
1059 3798 1
3569 1977 1
2254 939 0
1248 717 0
1486 3131 0
2574 2756 0
76 2865 0
1402 3706 1
608 4046 1
3650 1288 0
1809 24 0
3387 2403 1
3461 913 0
282 831 0
1487 2844 1
1753 3849 1
510 167 0
3952 734 1
3250 3596 1
2422 2430 0
4193 1073 1
1863 2690 0
985 4393 0
2358 1042 1
3853 3351 0
1218 1316 0
4079 1270 0
3709 1035 0
3837 1961 0
229 2046 1
835 2739 0
2197 1924 0
3338 4071 0
3107 3572 1
933 1064 0
3535 267 0
3088 3657 0
3064 1755 0
165 4206 1
2258 3092 0
4336 119 0
1641 1036 0
3702 2516 1
1190 4348 0
225 3529 0
1540 2064 0
2259 2540 0
786 2799 1
4032 2980 0
219 1507 0
2741 616 0
3131 4307 1
446 1361 0
968 380 0
822 1089 1
3065 339 0
2617 3776 0
3589 459 1
1815 354 0
104 1103 0
3765 2507 1
1403 2479 1
3078 1025 0
3498 1966 1
1490 243 0
3120 1650 0
3305 2485 1
3751 3738 0
2022 2547 1
1811 727 0
4312 331 0
2066 2187 0
2023 2410 0
3038 56 0
119 3002 1
3922 1311 0
440 4174 0
1034 1865 0
4104 1596 0
2380 1914 0
1190 3111 0
2324 3569 0
871 967 0
2844 58 0
1529 143 0
2176 1273 0
1981 3718 0
4062 2942 1
2856 3858 0
1405 556 0
1467 3074 1
1443 3311 1
3861 1094 0
3877 2355 0
1376 2328 0
3226 2542 1
796 4310 0
1561 4096 0
2647 1947 1
1634 1012 1
4182 4294 0
2029 3802 0
3403 3280 0
2180 595 0
1235 3178 0
1040 3000 1
4293 2542 1
2275 3830 0
2387 2366 0
827 2005 0
959 3065 0
1993 284 0
1559 4191 0
4235 4062 1
3185 896 0
900 4330 0
3447 3369 0
3471 6 0
2229 291 1
3996 2037 0
713 2673 0
605 2181 0
4319 1749 0
2162 3269 0
3496 4049 0
182 1725 0
1305 240 0
2305 1770 0
2909 999 1
3862 1481 1
1645 2021 0
46 2849 0
1789 4046 1
2484 1340 0
1168 2347 0
1355 1059 0
3168 4245 0
4234 3824 0
4228 3074 1
3403 4369 0
2358 939 1
596 4188 0
3064 2093 0
3903 1822 0
158 242 0
2408 560 0
768 572 0
344 1408 1
64 517 1
115 2653 0
3826 2405 1
2787 2460 0
4244 354 0
921 4082 1
2897 1510 0
4302 2234 0
511 901 0
965 1840 0
2524 2805 0
3017 140 0
3660 2701 0
3600 1115 0
3801 4065 0
3056 2016 1
3860 3957 0
2979 2231 0
1926 3019 1
1838 3422 0
994 3413 0
3552 3458 0
3129 2402 0
572 3376 0
1084 745 1
4232 3191 1
1505 898 0
2645 3311 0
971 1572 1
4307 3203 1
4276 1155 0
332 3662 1
1702 2439 0
1333 1697 0
2656 4173 0
3124 3588 0
2374 4337 1
680 3890 0
2665 1981 1
2501 3183 1
2485 600 1
879 742 0
500 2010 0
1050 2784 0
105 3045 0
3510 689 0
3403 1228 1
1219 722 0
3370 3219 0
1480 3826 0
868 2178 1
855 1681 1
603 4132 0
2780 453 1
3584 1557 1
3104 3474 0
4086 194 0
3256 3534 0
1680 2774 1
1965 1935 0
3844 3683 0
3326 1245 1
175 4015 1
2991 2844 1
2129 917 0
425 3417 0
2596 2694 0
2575 2822 1
3070 115 0
315 3582 0
466 987 0
4257 2386 1
2184 339 0
3289 616 0
4209 1311 0
2766 111 0
3848 3757 0
3912 3770 0
2031 3398 0
447 943 0
4193 860 1
87 1138 1
2649 2002 0
429 3074 0
3785 4216 0
2820 2823 0
2093 565 0
770 914 1
791 1253 1
4258 4391 0
3540 2451 0
1431 1059 0
3295 1928 1
9 3487 1
126 3526 0
2154 3041 1
2979 385 1
542 4088 1
3992 2366 1
1669 3921 1
436 1865 0
3323 2113 0
3285 1342 0
2268 3482 0
2939 1747 0
2632 2713 1
2900 3224 0
1678 2663 0
3400 726 0
809 121 0
2823 2287 0
1182 1105 0
3732 2164 0
3720 4297 0
214 174 1
4116 1122 0
546 4267 0
2936 62 0
2383 1848 0
238 2976 0
1538 1059 0
681 3874 0
3833 1411 0
3052 2721 0
308 1671 0
193 2836 0
958 2377 0
3885 4015 0
1019 3428 0
1017 1662 0
2850 1014 0
3124 1629 0
70 2617 0
931 1352 0
2804 184 1
2574 1209 0
239 1655 0
630 3230 0
3711 2309 1
2040 2598 1
1731 3829 0
366 2815 1
1037 3214 0
782 2178 0
2120 4154 1
3831 914 0
4082 1504 1
3560 2559 0
2753 1407 1
557 3846 0
1996 2632 1
2471 3757 0
1402 2911 0
3545 3448 0
1608 2731 0
4238 2307 0
318 1600 0
3910 1813 0
4028 4299 0
1320 3190 0
3926 2266 0
2757 262 1
4067 62 0
1405 3130 0
3328 367 0
2357 926 1
4193 4088 1
1317 1970 1
2817 1732 0
971 1959 1
984 2804 0
2561 1428 0
1531 311 0
4156 1616 0
17 2186 1
2565 3725 0
4241 81 0
102 3203 1
3692 3991 0
2569 120 0
3862 3917 0
2073 1029 0
2230 2339 1
283 1752 0
3250 3731 1
2714 123 1
1384 4023 0
2602 194 0
892 3722 0
1853 2403 1
3629 3711 0
3250 2981 0
2943 4095 0
2664 1487 0
3230 3029 1
3489 3676 0
1950 115 0
4046 1144 1
93 3043 0
1053 958 1
225 3487 1
2607 2788 1
630 3661 0
1360 733 0
4142 291 1
2423 1626 0
45 525 0
1860 1067 1
2388 1042 0
1234 2046 1
3794 1456 1
4008 4071 0
1344 3327 1
3183 3487 1
2097 1796 0
2022 4228 1
4032 3204 0
1655 3752 1
1610 4105 0
468 3591 0
3417 3274 1
380 2350 0
2064 3572 1
98 3054 0
4401 352 0
205 3046 1
67 2911 0
2981 3469 1
2501 2209 0
1994 2173 0
3818 3978 0
1452 3708 1
574 1227 1
1219 3095 1
3046 1002 1
179 2817 0
2369 2623 0
4193 2229 1
3709 4193 1
1105 3814 1
3935 2402 1
1092 264 0
773 3805 1
1634 2779 1
3934 3127 0
4326 543 0
2017 2026 1
3450 3074 1
3487 3590 1
3508 3806 0
2659 1947 0
1678 3340 0
1516 4148 0
507 2537 0
957 2075 0
1955 3892 0
3596 860 1
613 2287 0
3367 2153 0
2266 1000 0
2608 3550 0
2987 3545 1
1268 85 1
2327 2420 1
364 2612 1
3736 432 0
3410 2178 1
802 4245 0
2141 2219 0
3745 3680 1
753 3161 0
3495 2414 0
2507 354 0
3618 4121 1
2153 2843 0
4195 4352 0
754 1306 0
3590 2645 0
1942 3632 1
225 4132 1
2291 139 0
1268 3074 1
3041 2027 1
724 3155 0
2097 1638 0
1906 2714 0
911 1682 0
3931 353 0
3552 2373 0
4126 2140 1
2055 3455 0
3759 2983 0
1704 2089 0
4410 1910 1
3726 3690 0
880 841 0
1439 1950 0
3951 1835 1
1465 3758 0
3181 2438 0
1435 3069 0
1444 1767 0
433 2027 1
180 288 0
4193 3281 1
1756 3393 0
4185 3944 0
350 1055 0
2339 2048 1
2584 2165 0
853 2027 0
1629 510 0
4028 3110 0
3471 311 0
4288 3537 1
2772 1463 0
3336 1233 0
1283 3824 1
4065 2629 0
2602 1897 0
3057 3703 0
11 2739 0
2776 718 1
1628 184 0
2897 2713 1
282 30 0
4386 3510 0
2137 1269 1
1032 3725 0
1691 3366 0
1540 2048 1
2812 1688 1
4256 279 0
386 1138 1
2599 2458 0
304 1025 1
3139 974 0
3516 3894 0
3409 1750 1
3698 1233 0
1746 1595 0
2091 2046 1
3587 2414 1
7 1924 0
4270 3054 1
3386 3346 1
2104 3031 0
2507 2396 0
4080 1492 0
329 1541 0
3559 541 0
827 4293 1
3910 3491 0
2439 913 0
424 691 1
2155 571 0
2699 1676 1
549 99 0
2020 2116 1
3683 4270 0
1324 4349 0
1964 4270 0
3625 1914 1
1023 4355 1
2899 3822 0
4161 4369 0
4242 2186 1
1451 2542 0
4239 1439 1
4116 2688 0
1083 2148 0
1993 139 0
3754 782 0
3928 3021 0
3101 2527 1
1435 1839 0
1798 2444 0
1535 2862 0
844 4249 0
1906 3252 1
2569 4188 0
1187 3757 0
3804 395 0
4298 1868 1
216 1595 1
3751 839 0
2901 579 0
102 291 1
2069 2890 0
624 693 0
3192 4010 0
878 362 0
1831 556 1
74 700 1
17 453 1
2233 2075 0
2912 3236 0
3012 2412 0
1702 1988 0
3093 4193 1
3668 3387 1
1283 4113 0
2300 3099 0
1862 1957 0
586 2821 0
3616 1421 0
874 2494 0
4366 1275 1
1406 86 1
4276 1322 0
1516 2154 1
4374 4252 0
1535 1572 0
902 1175 0
1811 78 0
3856 661 0
3562 571 0
3225 3074 1
2238 3047 0
1588 3101 0
3672 3894 0
2990 137 1
903 3921 0
1089 4215 1
1234 2542 0
694 2504 0
4197 433 1
1028 291 1
4050 227 0
748 1713 0
222 2123 1
2582 1675 0
454 552 1
3085 3164 0
1653 3814 0
994 2636 0
2251 3592 0
1045 6 1
2974 3285 0
1781 2475 0
3087 3365 0
4174 2938 1
2362 138 0
2614 3176 0
85 3731 1
1866 1621 0
3739 4150 0
1728 2676 0
325 1573 0
4264 2711 0
3363 1653 0
3589 3690 1
1004 1500 0
3566 203 0
390 4298 0
2990 3274 0
1853 949 1
2576 4294 0
3007 2641 0
1654 1589 1
2833 890 0
418 4065 1
2682 3696 0
3891 3034 0
2052 548 0
2120 3131 1
2562 2956 1
358 812 0
65 2196 0
2579 1695 0
3713 3491 1
3640 453 1
1042 1378 0
3840 1745 0
169 3707 0
3531 2301 0
1082 734 1
3066 2935 0
1232 4294 1
757 3878 1
2538 2207 0
544 2050 0
1550 1969 0
949 1004 0
1067 304 1
66 3117 0
4405 755 0
1268 2491 1
4293 730 1
3648 4159 0
4047 2179 1
1471 2405 1
1463 3364 0
813 774 0
1012 2425 1
4386 1910 0
2865 3252 1
110 1940 0
949 1902 0
2466 184 0
1660 1359 0
4331 3419 1
752 139 0
358 31 0
3204 3378 0
1495 2090 1
2235 4134 0
3211 2282 0
2805 2294 1
4352 3574 0
2871 2404 0
253 4323 0
358 318 0
1811 4234 0
3229 910 0
1421 1085 1
3844 3724 0
3355 3504 0
3740 1024 0
276 1566 0
3713 2181 1
427 4193 1
212 2075 0
2447 1595 0
744 2020 1
1086 101 0
1376 2814 0
2386 2573 0
3016 1252 1
3647 4397 0
2084 844 0
1187 4022 0
3480 2970 1
260 2046 1
1747 433 1
1117 741 0
3305 2604 0
3754 1525 0
3890 4313 0
903 269 0
2302 1362 0
1565 2618 0
1376 1941 0
3384 4298 1
4191 2781 1
1203 2779 1
607 775 0
2868 315 0
256 4260 1
1382 1519 0
1938 851 0
2124 1865 1
2545 2946 1
1919 3873 0
3772 1606 0
173 2792 0
1484 433 1
4401 2084 0
359 1200 1
961 1377 0
3022 3614 0
682 2767 0
3018 1060 0
31 570 0
960 536 1
1473 4274 0
333 3968 0
794 1997 0
1961 2528 0
2486 551 0
2187 3952 0
1856 4294 1
2529 4248 0
4112 2091 0
2513 844 0
3402 3082 0
2548 3497 0
352 2242 0
2977 1162 0
4038 543 0
3750 4139 0
4315 3898 0
2438 1584 0
854 1546 0
3581 2865 0
148 236 0
1355 1538 1
1115 4408 0
3946 517 1
246 4065 1
2190 1603 0
670 2293 0
364 536 1
1985 1306 0
4329 2465 0
2441 4229 1
1544 974 1
3801 786 1
3588 1253 1
3559 2834 0
1083 3089 0
3506 979 0
2634 68 0
2358 2514 1
1467 1879 1
2955 3527 0
793 2605 0
3843 2911 0
1266 3064 0
2215 4320 0
1934 2074 1
2935 746 0
2387 2368 0
2573 3378 0
1825 1365 0
3116 2023 1
2127 2222 0
3964 4000 0
3505 3731 1
1800 284 1
1600 1822 0
1335 3818 0
19 1976 0
152 3690 0
625 3977 0
3954 1212 0
1655 2775 0
3641 2043 0
1403 3862 0
984 4240 0
4141 1914 0
357 464 0
2753 1908 0
2571 2096 0
1746 2405 1
2123 1336 1
2368 563 0
1910 3731 0
2119 1655 0
4366 3562 0
1534 2918 0
1268 4377 1
2979 2474 0
646 768 0
3877 3252 1
3185 3702 0
2526 1970 1
4272 1201 1
3725 4010 0
2621 2610 0
1229 290 1
1018 2116 1
1774 57 1
2524 6 1
4175 1533 0
1548 3837 0
2760 4181 0
467 1857 1
3650 1415 1
400 174 1
4321 3690 1
1371 3416 0
4269 4320 0
2495 3522 1
1550 3428 0
679 3337 0
3847 2796 0
664 2044 0
4174 3056 1
2018 1000 1
4269 2539 0
86 1936 1
2779 801 1
2357 4206 1
3605 2767 0
506 2488 0
1759 697 0
3417 700 1
3457 198 0
1957 2366 1
4281 2418 0
1590 507 0
3205 3377 0
300 1856 0
808 1601 0
197 3879 0
3518 2782 0
413 521 0
4153 3563 1
182 2289 0
1073 769 1
3558 295 0
1080 26 0
1409 2048 1
2320 3469 1
4370 2631 0
1592 2134 0
447 1326 0
2665 4123 1
4366 3988 0
2603 172 0
4084 899 0
2504 1481 0
2040 393 0
2095 3755 0
2060 1926 0
3465 748 1
1032 1217 0
1068 260 1
4005 4036 0
1970 3073 1
2049 2909 1
3060 4271 0
53 3867 0
8 1490 0
4282 1768 0
65 1168 0
1589 2899 0
1105 3098 0
2145 3257 0
148 1756 0
440 2143 0
63 629 1
1091 1685 0
2947 1088 0
4126 3053 0
87 4232 0
3279 4288 0
2922 3685 0
655 518 0
2165 4294 1
94 3993 0
2568 864 0
3441 1612 0
76 2297 0
361 2375 0
4038 3202 0
1294 4367 0
2718 3716 0
3395 1430 0
1276 4331 0
476 4161 1
836 1105 0
65 2050 1
301 2230 0
4038 1773 1
3488 2555 0
3058 297 0
1215 2876 1
3721 3667 0
1316 2774 1
603 1598 0
3600 621 0
2450 1287 0
3334 1887 1
1448 2505 0
3028 1304 0
260 439 1
750 1668 1
2498 2542 1
2205 145 0
894 2541 1
549 949 0
3833 2994 0
1690 3393 0
2765 2948 0
1572 840 0
4219 2612 0
4268 1077 0
1574 3196 0
2875 4114 0
3697 2026 1
4407 3626 0
205 497 1
4306 3301 0
3695 2830 0
1783 3182 1
3620 4106 0
2622 1868 0
3151 3787 0
963 4002 0
2993 371 0
3241 1383 1
4208 2272 0
3945 291 1
2494 1531 0
3088 1493 0
2636 3346 1
2930 2075 0
2183 3487 0
2666 4076 1
2961 3725 0
1308 4340 0
218 3588 1
992 3037 0
4374 3865 0
839 1595 1
3222 3427 0
2301 225 0
1326 4256 1
4309 1561 0
1876 2502 1
1771 2159 0
2552 1093 1
712 2764 1
3811 3769 0
3877 502 0
7 1463 0
2946 281 0
807 188 0
1920 2822 0
1168 4284 0
2962 394 0
1406 3646 0
537 1315 0
3974 4188 0
1601 556 1
506 3241 0
4062 4114 0
4021 2949 0
3268 1221 0
2441 2517 0
2463 2749 0
1140 3314 0
557 926 0
2756 63 1
1120 4361 0
4227 1589 0
613 1484 0
1094 878 0
3953 1819 0
4316 1481 1
3308 3383 0
2901 1285 0
2368 3363 0
2492 2014 0
2047 1763 0
2308 3802 0
3017 766 1
4154 3498 0
1277 1403 0
2589 2477 0
1492 3419 0
3413 2241 0
1634 3853 0
1576 2729 0
3406 4288 0
3596 1857 1
2274 3935 0
4347 3707 0
456 3974 1
1284 62 0
2396 2681 0
1671 4169 0
4131 2464 1
4247 3814 1
1245 1464 1
717 1237 0
2229 2774 1
4295 2281 0
2749 1051 0
231 565 0
4103 1843 0
4168 2793 1
4001 3957 1
2106 1959 0
2490 2838 0
406 1856 0
2063 2758 0
186 561 0
316 837 0
1373 61 1
135 1132 1
1754 4173 1
392 2835 0
2245 3277 0
1399 68 0
336 1106 0
1783 1481 0
2168 2954 0
3370 2711 0
544 844 0
1540 3387 0
2165 2420 1
527 116 1
2154 3731 0
4077 32 0
2867 1479 0
3732 3094 0
3283 3320 0
3137 1085 0
1861 2351 0
1874 2731 1
3517 6 0
1342 1794 0
2136 2046 1
321 3074 1
1626 3699 0
4197 3203 1
2587 1454 0
1501 200 0
216 2424 0
4381 3241 0
1734 525 0
1712 2802 0
140 926 1
3503 3767 0
1624 838 0
3061 3723 0
3406 3602 1
51 3017 0
938 3564 0
3906 1857 1
2820 1322 0
1561 2825 0
4159 3381 0
3335 2266 0
2775 1797 1
1039 2386 1
4080 222 1
3914 179 0
3489 124 0
633 1219 0
2083 3246 0
1204 1653 0
3026 3667 1
3623 4200 0
1776 612 0
2621 686 0
1013 2889 0
2646 2046 1
4119 3663 1
4034 6 1
2428 194 0
16 981 1
888 1936 1
3433 3162 0
2150 1928 1
566 1857 0
3342 4249 0
2415 2788 0
1967 832 1
2558 1251 0
2491 2562 0
2941 1865 0
4226 390 0
2049 1544 1
3616 912 0
2929 4334 1
3905 2072 0
3529 4255 0
3445 1946 0
1671 740 1
1940 1625 0
557 4300 0
117 1068 0
1574 4292 1
1648 734 0
2161 2464 1
3188 1855 0
2805 730 1
2819 3428 0
828 2027 0
3595 187 0
359 718 0
3103 638 0
1883 714 0
256 1832 0
4 249 1
4193 2091 1
3801 3252 1
843 2390 0
1478 290 0
3980 3070 0
346 3055 0
1675 3183 0
241 4093 0
4134 2293 0
662 2203 0
2393 1221 1
2590 3957 1
466 1675 0
4111 2816 0
1846 1360 1
1093 114 0
3262 123 1
3439 595 0
2150 1653 1
1268 3944 0
2608 2145 0
1634 1316 1
744 1538 1
2009 2311 0
3786 2324 0
905 1580 0
4179 1475 0
3065 601 0
418 4154 1
4082 1884 0
3561 1013 0
2948 726 1
3546 3247 0
2186 4174 0
3616 1808 0
1067 3129 0
132 2021 1
3872 2082 0
3921 3114 0
3622 2053 0
2593 327 0
4074 3520 1
3183 4132 1
4193 2547 1
2972 2739 0
1257 2032 0
3954 1529 0
3387 2695 0
1540 3275 1
1865 3478 0
3089 3759 0
3069 2424 0
2167 19 0
1673 123 1
974 3904 1
2472 289 0
2240 249 1
866 169 0
3772 1544 0
1274 875 0
2935 3019 1
2028 3036 0
1508 3809 0
324 3062 0
2901 666 0
506 2165 1
1725 323 0
2070 2798 1
4219 2537 0
4121 251 0
3674 860 1
4235 2823 0
826 4191 0
916 3225 0
4042 1337 0
399 3062 0
1584 512 0
781 3539 0
2379 40 1
2113 3664 0
3106 2793 1
4389 3262 0
581 542 1
3447 584 0
2629 2309 0
862 4293 0
2481 2587 0
3353 3571 0
1895 99 0
1456 4299 0
1998 2741 0
4159 1573 0
1490 331 0
981 2048 0
1034 2641 0
2128 1865 0
912 2436 1
1215 2027 1
1703 780 0
3621 2189 0
1162 1881 1
1470 433 1
786 2682 1
1537 1317 1
981 3207 0
1541 3842 0
517 3690 1
3171 385 0
4194 1221 1
378 115 0
1983 4138 0
3246 1269 1
580 724 1
2375 4296 0
4346 685 0
3904 4337 1
3005 1643 0
2001 756 1
41 3336 0
2325 311 0
3695 3391 0
3418 3749 0
1040 2027 1
3250 808 0
900 3772 0
1717 3707 0
234 1365 0
1900 769 1
1982 1733 0
2866 2773 0
2605 2087 0
1168 1480 0
3200 2279 1
542 556 1
1245 3375 0
3387 1197 0
2340 371 0
3029 4272 1
2154 2027 1
2285 2420 1
4048 476 0
3887 1719 0
488 1969 0
1195 2619 1
620 2119 0
548 2103 0
818 1822 0
2849 3959 0
635 1121 0
3807 1484 1
2340 389 0
1826 3588 1
2530 2052 1
4158 1427 0
2845 1215 0
3686 2052 1
4193 3074 1
4254 1225 0
3039 1368 0
2235 966 0
2969 3775 0
1507 1735 1
911 2142 0
501 3584 0
3421 33 0
1501 2275 0
1258 3847 0
2428 1144 1
1683 1849 0
1755 2661 1
3005 221 0
1398 4313 0
1791 2193 0
1490 1665 0
1121 4193 1
361 1572 0
705 2400 0
4291 1010 0
42 3001 0
2214 1792 0
3007 1942 0
4056 4389 0
2480 4010 0
4349 3057 1
3825 2461 0
365 1228 0
3039 4204 0
1482 803 0
1023 1040 0
590 2020 1
1634 616 0
1436 1218 0
3400 2405 1
4221 1057 1
3927 3810 0
17 526 1
985 2793 1
2913 882 1
4286 3263 0
3851 2467 0
2412 1767 0
1537 4117 1
2877 2473 0
360 2160 0
76 2684 1
2815 3095 0
2040 2625 0
231 2967 0
3317 475 0
2334 177 0
3946 2527 1
2651 3959 0
1308 2050 0
3377 3752 1
1535 1959 1
3174 2690 0
596 1557 0
3733 1025 1
59 698 1
1499 793 1
789 756 1
83 3761 1
3629 1304 0
856 2374 1
777 1571 0
1647 3043 0
3344 2795 0
2136 717 0
1126 2384 0
2167 1701 0
4297 3488 0
550 2930 0
3123 2086 0
3353 4071 0
610 3921 1
3863 58 0
3567 4123 0
364 2116 1
2516 4351 0
2978 688 0
1888 3584 0
3037 1272 0
3278 765 0
565 4337 1
1486 194 0
977 1376 0
1028 3690 1
676 4298 1
3659 3321 0
49 636 1
3609 1166 0
4281 1067 1
1096 879 0
3698 327 0
4354 2213 0
2034 2103 0
1350 346 0
1114 3240 0
605 2478 0
2479 1081 0
655 236 0
1473 320 1
3533 1763 1
4246 2087 0
1553 3109 0
3774 1795 0
1279 305 0
1071 402 0
1499 4206 1
2293 2885 0
3562 968 1
558 1979 0
4193 3908 0
2664 3731 1
1981 1755 1
131 1636 1
2146 2791 0
3846 1185 0
3885 3566 0
3438 10 0
3982 2336 0
1906 3946 0
3589 1751 1
1276 2708 1
4062 2154 1
1580 2096 0
3331 3622 0
3887 789 0
3640 281 0
441 402 0
431 3404 0
389 2218 0
4257 2137 0
4047 2273 0
313 2434 0
1919 1235 1
2749 47 0
372 2116 1
269 3470 0
143 3663 1
3937 2039 0
1939 958 1
2614 3503 1
1171 3916 0
145 912 1
3308 143 0
987 2405 0
3193 34 0
2144 82 0
2428 3525 0
1021 3109 0
3821 2814 1
3642 3072 0
1817 3849 0
2001 828 1
941 4131 0
365 1700 0
2125 176 0
1977 3252 1
76 2339 0
2691 4129 0
3351 735 1
1658 3558 0
2356 3516 0
3505 2942 1
3116 1559 1
2306 3112 1
2476 1518 1
2782 450 0
4226 117 0
3436 3011 0
4375 3283 0
3297 3663 0
3905 4076 1
1375 1865 0
555 3226 0
364 868 1
732 306 0
4227 3831 0
1253 1688 1
4129 2898 0
3 447 0
1857 860 1
2995 1905 0
1037 1169 0
8 4405 0
1736 2846 0
1421 4111 0
2507 688 0
3080 236 0
890 116 0
2082 1246 1
539 3353 0
651 2166 0
4262 882 0
3292 2523 0
828 3203 1
909 297 0
1548 2598 0
2004 1668 0
4189 1580 1
856 3074 1
1332 3203 1
713 1458 0
284 232 1
608 4368 0
2356 977 0
2032 415 0
1089 4065 1
2437 43 0
2397 2123 1
2095 1965 0
1149 284 1
1799 825 0
276 1828 0
3717 2892 0
313 3100 0
2329 1251 0
307 616 0
1769 2002 0
983 1567 0
4207 2438 0
3383 4373 1
3890 2231 0
408 3206 0
2365 2116 1
1995 3135 1
2751 57 1
976 3161 0
1648 873 0
3901 864 0
3599 4002 0
1903 3115 1
2551 4205 1
3199 474 0
555 36 1
1151 351 0
3709 556 1
2465 4107 0
1234 2547 1
1593 1061 0
2914 2424 0
2659 1525 0
1885 1274 0
4255 2304 0
3836 1751 1
3897 1199 0
1498 2793 1
999 3882 0
3845 3527 0
4122 125 0
1344 1849 0
2596 3599 0
4186 3283 1
304 2048 1
931 641 1
3800 1596 0
2851 2633 0
1644 860 1
1344 1861 0
3652 1507 0
2070 2909 0
1482 4369 0
3365 3576 1
2659 2213 0
303 1170 0
1161 1865 0
4159 695 1
1443 1578 0
1751 3877 1
169 2178 0
3720 543 0
4045 2963 0
17 4304 1
2642 2105 0
2812 1022 0
2084 799 1
4208 17 0
1517 2525 0
2965 2662 0
2997 2926 0
2552 1510 0
2173 1700 0
381 3977 0
2067 3956 0
1376 733 0
1220 2204 0
2253 3282 0
1603 1782 0
1855 3121 0
1926 1137 0
1244 2937 0
1960 3443 0
1706 3626 0
4171 3346 1
916 2263 0
529 3011 0
2403 1464 0
2567 2347 1
1919 1192 0
1114 601 0
4031 1511 0
883 2085 0
1302 3115 0
2720 2335 0
824 2135 0
4366 3539 0
1491 2971 0
1152 10 0
358 1982 0
1355 2116 1
2432 158 0
301 3948 0
418 878 0
1783 2034 0
4130 84 0
653 4299 0
2382 4354 0
758 4193 1
191 4304 0
2479 1737 0
3518 2418 0
1498 2420 1
2491 2027 1
263 129 0
4160 4304 1
3794 3604 0
468 1524 0
3015 2715 0
3826 2899 1
3571 917 0
4203 2448 0
1116 703 0
555 1046 0
1014 2480 0
2194 746 0
3644 3238 1
1048 1001 0
2653 4295 0
3357 850 0
3257 1488 0
758 578 0
2124 3677 0
4323 1227 1
2845 993 0
4189 1218 0
3500 176 0
1724 724 0
2888 1106 0
3056 3749 1
2164 2345 0
1103 262 1
3556 1957 1
2920 4347 0
3576 451 0
4126 2971 0
1493 746 0
2316 676 1
2690 2405 0
2369 4335 0
2488 680 0
2992 4271 0
731 1672 0
1734 4058 0
3120 870 1
3550 3773 0
1275 1460 0
4364 2940 0
3250 1634 1
1048 3397 0
4084 490 0
1074 2849 0
3316 1000 1
745 3057 1
4321 4074 0
55 1625 0
824 3403 1
3684 566 1
2351 2472 1
2018 4290 0
3584 4075 0
930 719 0
4095 3594 0
3225 4025 0
3525 167 0
2590 1579 0
2855 36 0
119 1998 1
484 2605 0
3160 2607 0
3185 1832 0
406 40 0
547 4227 0
535 2405 0
3017 1269 1
1842 637 0
2945 3731 1
2908 87 0
1382 88 0
4260 3252 1
1628 2435 0
1463 3790 0
3372 145 0
1009 2420 1
2663 149 0
753 3373 0
3997 56 0
2853 3512 0
2278 220 0
1994 608 0
2842 2177 0
4313 1598 1
1739 4157 0
2864 364 0
1686 1697 0
191 671 0
595 3792 0
3211 3068 0
164 2953 0
1251 2566 1
3233 1316 1
1757 2092 0
3170 4043 0
1320 3797 0
2882 281 0
1073 4043 1
903 2871 0
2624 3275 1
2785 435 0
228 527 0
789 2942 1
531 4203 0
381 3876 0
3537 1816 0
806 2001 0
2673 44 0
1962 3718 0
4193 3252 1
1176 1105 1
364 2540 1
39 584 0
284 2204 0
118 862 0
2624 2677 0
3839 3932 0
2887 3792 0
2661 2140 1
1666 1113 0
3903 1529 0
89 2152 1
4408 3961 1
2774 2527 1
868 2420 1
76 2294 0
2114 3935 0
1390 1688 1
2259 3019 0
1771 1138 1
4286 1610 0
300 2840 1
2008 1561 0
1022 320 1
3393 249 1
398 1875 0
1831 2542 1
2917 1601 1
2263 718 1
378 2653 0
309 3431 0
4077 726 0
1626 2788 0
1931 1447 0
3929 856 0
62 3757 0
3225 1559 1
2377 439 1
3901 2525 0
1006 3033 1
1436 4315 0
2215 2196 0
944 4254 0
2187 1688 0
431 3333 0
2449 1970 1
292 2192 0
1977 2294 1
4375 1408 0
2746 64 1
3813 3011 0
3897 2179 0
3602 2774 1
1296 2140 1
3288 3662 0
2162 691 0
4379 1067 1
4132 3787 1
3796 1327 0
4057 2126 0
4306 3252 1
1067 1857 1
1455 624 0
427 4114 0
293 1602 0
8 3257 0
910 1949 0
291 1567 0
1559 3801 1
872 263 0
2234 123 1
1792 3491 0
2084 1068 1
3970 971 0
4096 436 0
203 3500 0
191 1555 0
806 2027 1
4190 1915 0
3230 630 0
2073 2700 0
3877 2781 1
1862 1749 0
285 3680 0
3299 2498 0
2820 1653 0
1395 1570 0
1735 1241 1
3826 1170 0
4364 4112 0
2135 3674 1
1828 687 0
2191 926 0
1623 3147 1
2924 2598 1
4371 2307 1
1853 2120 1
2901 2808 0
531 3798 1
4284 468 0
2596 2171 1
3138 3487 0
2925 1590 0
888 2651 0
660 3423 0
2844 3203 1
1068 64 0
1546 3202 0
2408 1519 0
2353 3493 1
2961 1526 0
2485 116 1
900 4337 1
1596 2552 1
2358 1610 0
3877 3845 1
588 3720 0
407 3061 0
26 2031 1
3887 1813 0
3588 4170 0
2383 3078 1
4259 1651 0
1125 1646 0
1440 2388 0
2229 2675 0
3602 3252 1
187 1194 1
3805 1317 0
2915 176 0
133 623 0
452 1134 0
2819 4277 0
4038 2154 1
4242 3105 0
324 1850 1
4020 822 0
3815 4083 0
1305 2967 0
2711 2885 0
2144 4325 0
3753 2615 0
2588 1746 0
1220 4344 0
2577 3863 0
2463 2188 0
994 3849 0
3072 2116 0
3834 376 0
3230 3782 0
2842 3434 0
2266 2776 0
3946 4367 1
2594 781 0
3247 1928 1
3677 1928 1
3180 3768 0
3275 123 1
4024 3968 1
17 794 0
1596 3813 1
4313 3135 1
646 3659 0
823 1717 0
3490 1618 0
1939 1776 1
1773 3000 1
2084 3121 0
3689 1890 0
3275 3884 1
1029 1733 1
2574 3475 0
3748 3727 0
4346 1158 0
2020 2152 1
389 1154 0
2917 730 1
2463 3280 0
1038 2050 0
4332 95 0
1040 85 1
1291 4300 0
3912 1078 0
213 4117 1
183 1865 0
2722 135 1
608 4306 1
2805 2552 0
3501 869 1
3494 4391 0
3656 2902 1
3540 3731 1
372 497 1
3163 1281 1
2143 2938 1
2247 3824 1
3041 700 1
4084 4274 0
1916 1725 0
467 1796 0
3552 2530 0
1281 3993 0
527 2046 1
2981 3283 1
1242 1698 0
3215 595 1
1196 372 0
176 4373 0
82 833 0
2426 1513 0
2919 198 0
1211 2892 0
606 1741 0
3636 4016 0
4019 2529 1
3686 3312 0
278 620 0
4394 1971 1
1354 2662 1
1537 2844 1
3907 4206 1
257 1492 0
3205 2714 1
2388 111 0
4237 187 0
4168 2191 0
4038 6 1
3406 1067 1
4401 2455 0
2752 3414 0
3709 3074 1
4025 1134 1
3892 121 0
924 1397 0
1773 2497 0
2239 1767 1
141 3746 0
1817 2862 0
4315 1767 1
488 2420 1
1273 1426 0
641 3118 0
1707 3739 0
3889 3527 1
595 2371 1
2093 3709 0
3875 3048 0
720 2572 0
4020 2793 1
1268 291 1
2015 3366 0
2447 467 0
1360 751 0
2470 4301 0
2335 2648 0
12 3480 0
352 958 1
3117 4051 0
4211 803 0
2871 1950 0
883 15 0
2330 3601 0
2595 1758 0
1645 2461 1
2763 2046 1
2524 3281 1
542 3251 0
207 4337 1
2114 1216 1
2741 4254 0
1803 1656 0
2963 2069 0
2369 3015 0
1022 2766 0
3065 4212 0
640 1256 0
642 3346 1
2135 3489 0
3060 1989 0
2837 4234 1
1593 291 0
2240 112 1
1221 2134 0
4030 4071 0
3404 2096 1
3296 3081 1
3448 3690 0
1283 3932 0
2599 4210 0
4359 157 1
4339 3182 0
2940 3893 0
1452 489 0
1121 3946 1
2017 1981 1
2987 3711 0
1117 4010 0
603 4313 0
1069 2902 0
4077 330 0
849 3164 1
1394 2632 0
3616 3944 0
180 1822 0
1471 1726 0
1896 1258 0
1572 1007 0
3722 3865 0
1576 2929 0
1216 1129 1
3188 3625 1
367 2218 0
954 2766 0
2978 291 1
337 2520 0
3171 2276 0
3945 4306 1
635 3775 0
1347 171 0
1952 277 0
3398 3089 0
1779 2352 1
2191 2847 0
2790 3836 0
105 3490 0
1228 2425 1
261 1055 0
3517 4228 0
1039 1058 0
1751 3074 1
758 3668 1
3793 687 0
256 4294 1
3128 2241 0
2154 700 1
438 703 0
3286 947 1
593 897 0
3141 2787 0
1622 2761 0
375 1398 0
2317 3955 0
312 3482 1
652 1279 0
1776 3274 1
2338 3452 0
3128 1531 0
363 3717 0
45 570 0
1747 3074 1
350 2361 0
8 1755 0
4199 2634 0
2209 3993 0
2262 4310 0
2294 1025 1
2646 1068 1
2355 741 0
4342 55 1
1489 569 0
384 3204 0
1597 2779 1
1648 3952 0
4400 1311 0
119 1385 0
2163 4212 0
2119 3752 1
2757 346 1
1203 3674 0
1232 2775 1
856 3410 1
1966 3203 1
1104 2969 0
3658 1341 0
3116 2781 1
4297 3720 0
3744 1847 0
1692 741 1
2304 3529 1
1811 3824 0
4279 1490 0
3328 3663 1
1593 3466 0
2899 2405 0
4380 107 1
1073 116 1
475 1758 0
2229 1947 1
930 1449 0
4005 1840 0
581 3798 1
3479 380 0
1434 1865 1
1647 415 1
1003 3688 1
2376 3849 0
1073 2547 1
821 201 0
1106 493 0
2728 2052 1
2535 453 0
2328 3091 0
1900 116 1
3621 4270 1
3104 1479 1
2790 1015 0
61 2355 0
3250 1947 1
3009 3286 0
3410 712 0
975 793 0
3159 3974 1
3023 3365 0
971 3699 0
99 3879 0
1273 3547 1
4340 3731 0
3207 3852 0
2402 219 0
2042 541 0
3186 2792 0
2116 4294 1
1702 1046 0
2866 1298 0
3149 1378 0
1390 4151 0
4025 3728 0
3350 3757 0
3310 2174 0
2355 2374 1
1924 2552 1
1332 1595 0
113 2618 0
1723 3201 0
4046 4306 0
2340 668 0
1736 885 0
506 2793 1
4197 1776 1
1041 3143 0
3125 3261 0
3369 4088 0
4410 3416 0
1087 1444 0
3814 1928 1
2823 3585 1
4322 4055 0
931 2152 1
3411 1511 0
2814 1245 0
1429 2281 0
3284 92 0
436 3814 0
2058 3054 0
1052 4193 1
4131 4396 1
4147 3214 0
591 2566 1
1235 4022 1
1591 1265 0
714 3496 0
3496 221 0
1355 67 1
1906 3281 1
2863 2013 1
3226 3402 0
3232 1291 0
946 4277 0
1355 3918 1
409 780 0
2845 907 0
3731 4215 0
416 3119 0
1540 2975 0
14 4408 0
546 3590 0
2218 1316 0
1600 292 0
310 3874 0
641 1516 1
2527 2046 1
3332 2475 0
77 879 0
3433 4107 0
4272 1329 0
2353 1047 0
1284 2774 1
3806 1871 0
1738 73 0
3186 1164 0
1861 971 0
1545 481 0
1736 2276 0
1475 3480 0
2959 2479 0
1675 660 0
3653 576 0
1503 2020 1
86 547 0
1999 4281 0
2998 1604 0
3334 156 0
1149 64 1
2571 2653 0
2524 2091 1
2112 3699 0
3662 4157 0
3560 2349 0
1215 3498 0
4361 3433 0
4133 262 1
3283 1408 1
1053 2027 1
3754 1017 0
1443 1513 0
527 1134 0
4006 174 1
2562 2540 1
2472 1720 0
750 2366 1
2894 1618 0
516 793 0
2124 1059 0
3586 4170 0
2327 1878 0
3192 2048 1
2491 2053 0
2815 2355 1
3431 2419 0
2130 4304 0
923 1927 0
1412 2977 0
1553 1897 0
694 2562 0
2095 2813 0
472 1746 0
965 812 1
54 3596 1
2507 457 0
517 291 1
4082 3095 0
2513 64 1
517 556 1
1313 4193 1
1605 1253 1
4406 1585 0
262 1668 1
434 1427 0
2955 2887 0
2124 2775 0
3501 1260 0
2685 3207 0
1630 2131 0
876 2800 0
419 2019 0
4375 736 0
3940 2116 1
2297 917 1
2269 2867 0
3575 3087 0
2057 1315 0
1984 812 0
2996 1193 0
3892 3488 0
3200 1595 1
2029 3530 1
668 338 0
3283 556 0
3284 2935 0
2047 3010 0
2184 3525 0
1537 3731 1
232 4367 1
4070 885 0
1975 2126 0
3590 1737 1
2300 683 0
2484 1005 0
3783 2462 0
3676 733 0
2171 4170 0
3846 2752 0
3767 3976 0
2520 3794 0
2240 2542 1
1716 3572 0
1559 61 1
2768 2294 1
2968 4305 0
4410 2667 0
2584 3402 0
4377 1700 1
1658 2143 0
1630 2021 0
416 2815 0
2506 2481 0
447 404 0
2071 4244 0
4221 1562 0
1046 481 0
732 2172 0
3112 2050 1
3104 1121 1
1645 2131 0
3658 3113 0
4226 494 0
4139 388 0
2779 3336 0
1052 116 0
522 3944 1
839 1127 0
2272 2186 1
3229 1085 0
1541 2279 1
3186 36 0
2295 994 0
83 4193 1
1037 2033 1
2293 2246 1
2554 2509 1
2949 2724 1
3166 976 0
2627 2498 0
1121 2091 1
732 2016 0
1871 1269 0
1314 281 1
59 1624 0
3032 3214 0
2428 339 0
3924 2728 1
3561 2727 0
3379 2005 0
3382 3283 1
2563 1262 0
2353 3275 0
1601 1956 1
2867 988 0
3717 4073 0
2015 202 0
4193 939 1
59 657 0
2870 2486 1
2095 3529 0
1687 1618 0
618 343 0
1981 2026 1
2029 3629 0
602 2820 0
4169 105 0
3769 2273 0
1457 3046 1
965 1051 1
4195 4382 0
4359 1041 0
1743 304 0
1538 3918 0
2468 1197 1
500 1421 0
2027 3073 1
2086 612 0
2761 1628 0
3469 3930 0
3834 3801 0
2900 2403 1
1499 2590 0
1639 3564 0
1426 2425 0
1153 3766 0
384 1796 0
1931 1341 0
2105 1085 0
1283 2550 0
1292 3803 0
576 2404 0
3966 4173 0
3035 3201 0
176 2053 0
2973 2020 1
1319 3636 0
2450 790 0
844 1848 0
1565 413 0
950 2309 1
3457 1176 0
1819 4280 0
3490 3416 0
82 1063 0
4317 1144 1
2538 934 0
2758 2179 0
3937 324 0
2582 3319 0
3008 2379 0
3877 291 1
48 890 0
1111 4350 0
3166 109 0
3232 3921 0
518 3342 1
4133 1668 1
2777 3538 0
2942 2377 1
232 3471 0
2398 428 0
520 2375 1
4067 1673 0
1867 2108 0
4056 3731 1
2825 3043 1
2698 4122 0
1244 3585 0
862 1457 1
542 2046 1
2284 439 1
1183 2477 0
517 2527 1
2974 3709 0
467 2091 1
514 4193 1
1503 4294 1
1321 1408 0
4329 3132 0
4052 233 0
985 4193 1
3677 637 0
1222 3657 0
1708 3603 0
664 2600 0
1929 4253 0
526 1077 1
2248 1309 0
2402 3746 0
1114 3914 0
276 1233 1
2091 3074 1
4082 1802 0
4226 4254 0
935 3858 0
430 4319 0
3684 2865 1
2021 2131 1
1089 3203 1
2313 4193 1
2902 750 1
2979 3461 0
3538 2485 1
59 2853 0
2407 3758 1
4158 424 0
2463 4308 0
1893 1077 0
2878 291 1
3952 1700 0
78 294 0
2212 3528 1
1735 3169 0
253 3070 0
3524 629 0
729 2418 0
1215 4154 1
1906 2152 1
3398 1780 1
2484 742 0
1343 1704 0
3691 2065 0
3009 3492 0
1326 489 0
883 3392 0
1906 2485 1
961 2276 0
1672 685 1
2043 3820 0
2900 2939 0
1388 1825 0
3797 1209 0
4185 1093 1
50 3915 1
3225 1035 1
2712 2328 1
3657 3986 1
2283 2511 0
3781 601 1
384 1572 0
1287 2027 0
4231 2806 0
2659 3945 0
4026 612 0
3964 4403 0
3181 174 1
3385 3322 0
2967 440 0
2981 4299 1
2609 26 0
711 3043 0
2868 2367 0
1313 2485 1
4209 4351 0
1995 638 0
344 3283 1
4101 3210 0
2020 3918 0
3962 2181 1
242 2140 1
2527 3690 1
3227 1622 1
625 705 0
1869 1263 0
4281 2445 0
2517 373 0
1744 3098 0
3044 14 0
3545 1613 0
3606 3902 0
2423 2926 0
1268 1559 0
2398 3269 0
2194 712 0
1788 3332 0
69 4049 0
2665 2026 1
3470 2776 0
2852 1431 1
3434 4371 0
4359 564 0
4377 6 1
9 4 0
1672 634 0
2000 1970 1
948 2548 0
3919 3219 0
4386 62 0
2411 3529 0
3941 30 0
2914 1392 1
4262 3865 0
1043 1087 0
710 3041 0
4128 1458 0
2358 1316 1
3638 2171 1
2281 436 1
1810 1811 0
1017 675 0
1962 4065 0
178 227 0
4300 4003 1
3412 1059 0
4159 2279 1
1317 2027 1
1427 2055 0
1054 2048 0
366 1577 0
348 3806 0
3727 3280 0
980 2991 0
3552 1048 0
1262 254 0
4044 2116 1
2666 3808 0
1053 3074 1
621 3408 0
3510 4185 0
3154 141 0
81 1132 1
1681 868 0
3721 2350 0
3800 1052 1
7 2150 0
883 2248 0
347 3941 0
1563 1234 0
3802 429 0
2457 2328 0
288 184 1
156 3202 0
1087 3682 1
1320 123 1
2595 1857 1
1105 1928 1
100 587 0
3866 4003 1
2095 1523 0
3711 2465 1
2744 3645 0
1557 3577 0
3589 1414 0
503 4396 0
3802 135 0
1392 1600 0
3999 2658 0
2269 17 1
1540 3617 0
268 689 0
1265 4406 0
1182 290 0
1044 4262 0
532 123 0
11 1819 0
2168 1296 0
137 3274 1
1844 2576 0
3956 1599 0
2647 2793 1
3323 739 0
848 2166 0
1873 17 0
2625 3191 1
2917 4043 1
165 4175 0
3970 3572 0
277 1616 0
3294 4133 0
3842 735 1
3168 1241 0
1006 3848 0
2991 260 1
2699 3986 1
3305 2881 1
1320 2013 1
1985 2755 0
3567 1887 0
2511 3604 0
533 2529 1
2291 531 0
276 2550 0
1010 4170 0
1630 2100 0
942 2187 0
3471 2552 0
334 4361 0
3028 3229 0
3954 2065 0
2974 4216 0
1879 2027 1
1674 1271 0
3169 249 1
3576 3816 0
2355 4347 1
1344 865 0
3018 3683 1
3586 873 0
1874 2693 1
2810 75 1
1731 2171 0
3113 3963 0
3334 939 1
822 1194 0
2671 534 0
3417 2370 1
830 3102 0
170 3179 0
821 4108 1
3686 1363 0
3850 2542 1
1806 1677 0
3735 496 0
389 337 0
267 4228 1
2282 2037 1
3341 3245 0
3297 3880 0
3405 2467 0
1040 4371 0
1297 3252 1
2356 2285 0
3840 2243 0
121 1868 0
951 1755 0
2892 755 0
628 4349 0
3751 3774 0
2546 3296 1
3141 4275 0
4370 587 1
1121 3074 1
3662 1752 0
1123 3111 0
4374 218 0
1131 2376 0
3584 2509 0
2473 973 0
1956 3690 1
1619 3807 0
2247 2357 1
4366 3001 0
3196 496 0
3094 2385 0
4044 2793 1
1866 2688 1
3946 1129 0
2291 432 0
4042 1708 0
2213 1678 0
513 521 0
2257 2672 0
2462 780 1
2266 2018 1
62 279 1
1074 678 0
1776 4298 0
795 754 0
3463 429 1
3816 1210 0
2037 1426 1
1213 202 0
4243 4387 0
894 450 0
3250 2642 0
2341 3603 0
921 1466 1
3023 158 0
1283 752 1
2379 1374 1
2779 3252 1
2659 925 1
3083 3538 1
3233 4289 0
4019 1234 0
683 3131 0
3899 2482 0
4312 1375 0
3157 420 0
3662 2347 1
1070 473 0
819 1663 0
115 1200 1
3305 542 1
2376 1250 0
3225 503 1
1020 1964 0
2794 846 0
2679 30 1
1332 404 0
2057 3193 0
2964 2111 0
2646 3709 0
1346 2881 1
548 2222 0
1053 3151 0
1255 917 0
1265 3100 0
1052 2763 0
2222 3274 0
2921 2246 1
982 461 0
3795 2068 0
4153 637 0
4349 368 0
73 828 1
2377 687 1
1136 1018 0
619 3078 1
2375 1804 0
3786 2338 0
2368 1150 1
3947 1612 0
1807 1194 0
586 3943 1
1604 1966 1
3642 1683 0
4233 1408 0
1219 470 0
2390 868 0
3950 2856 0
2852 2791 0
682 1341 0
2647 2215 0
3104 3410 1
4168 2751 0
3914 2543 0
941 717 0
2868 91 0
2436 3296 1
823 4322 1
393 2131 1
2365 2878 0
4207 4236 0
796 637 0
2310 972 0
265 464 0
94 595 1
2061 3908 0
246 1129 1
2055 3254 0
2496 4293 1
1831 1243 1
2526 1768 1
1290 920 0
135 1544 0
3007 2997 0
2253 3410 0
2058 4389 0
1516 134 0
3351 559 0
2313 3800 0
3864 1780 0
165 2963 0
3149 1732 0
4098 1926 0
4315 3471 0
4113 1649 0
1159 911 0
1831 2091 1
1023 418 0
2989 2746 1
1287 3713 0
237 458 0
3193 1162 1
3596 111 1
2257 802 0
4206 320 0
3324 2027 1
2614 4028 0
1955 3252 1
1771 3876 0
4094 1910 0
730 2046 1
3323 2520 0
2796 4156 0
1223 733 0
2725 230 0
148 3403 0
253 2497 0
1751 2355 1
572 2892 0
1867 219 0
984 582 0
900 2791 0
1114 2652 0
921 4237 1
2662 3002 1
2662 3963 0
1798 2384 1
2098 3596 1
383 2046 1
814 1730 0
1196 2116 1
2731 1874 0
3837 3459 0
644 1690 0
4054 239 0
3141 3832 0
1068 6 1
1052 2020 1
3695 3261 1
3093 64 1
889 37 0
1921 1568 1
1245 3014 0
2355 2196 1
3624 935 0
1982 3532 0
416 1454 0
3351 1108 1
3856 833 0
942 4046 1
1775 1492 0
892 854 0
2044 2982 0
3159 910 1
3947 2942 1
3821 3572 0
2055 2285 0
1588 2087 0
1313 556 1
2363 3818 0
4082 825 0
2378 2026 0
4266 248 0
3987 286 0
71 539 0
391 2537 1
1910 37 0
916 1089 1
2445 1293 0
1892 2222 0
2849 3442 0
1680 2637 0
697 2192 0
2922 2529 0
2093 1603 0
1543 3690 1
1152 2598 1
3589 3596 1
1659 3254 1
2485 2152 1
600 1316 1
3755 3389 0
228 2483 0
3572 2713 0
691 695 1
2459 3520 1
326 4051 0
714 2567 0
2205 171 0
4028 4255 0
2324 1688 0
2263 3383 1
2836 3867 1
1310 3379 0
1364 3715 1
808 2533 1
1853 3387 1
3929 1466 0
1785 1865 1
2304 3503 1
3920 3876 1
3593 255 0
2020 67 1
3176 3189 0
1597 1210 0
1104 683 0
2362 4096 0
3880 2650 0
4221 469 0
3488 1237 1
1966 2027 1
2537 512 0
1830 4185 0
1655 1241 0
2848 4201 0
3612 1684 0
3412 564 0
3066 2336 0
517 1700 1
2955 595 1
74 2027 1
4308 2798 0
149 3578 0
4271 4193 1
4298 1969 1
3910 578 0
789 3000 1
2815 1559 1
1789 3945 0
1932 4389 0
943 730 0
1749 1928 1
3389 3263 0
4402 2111 0
1802 3065 0
4101 1261 0
934 2435 0
1874 2677 0
4303 3137 0
4374 2343 0
3284 3644 1
2047 3387 0
766 3239 0
4401 4173 0
3621 3487 1
2886 3813 1
533 2039 0
3429 3651 0
3071 1363 0
3460 4052 1
1114 311 0
3621 617 0
4191 2355 0
2955 3121 1
1067 860 1
1762 1602 0
3057 3565 0
3405 974 0
2929 2254 1
1891 4030 0
2981 771 1
3598 2208 0
13 2695 0
2988 1911 0
1756 4010 0
3298 1909 1
2777 140 1
1220 304 1
1797 3752 1
4142 1947 0
3578 1858 0
2943 1444 0
1463 2299 0
2033 1350 0
2083 1269 0
2735 3281 1
993 2108 0
2375 2178 0
2743 287 0
2268 3281 1
3558 3377 0
2287 583 0
400 1899 0
4006 521 0
2443 3990 0
3986 2906 0
11 57 1
4343 4000 0
1562 2420 1
744 2420 1
4282 1401 0
1650 2145 0
495 2287 0
958 756 1
3121 3870 0
2 1871 0
4113 3622 0
3857 340 0
2560 498 0
3662 2265 0
3434 1317 1
1751 2196 1
2411 1427 1
872 806 0
2003 475 0
148 2514 0
2308 3016 0
1268 3690 1
4408 493 0
2878 2989 0
1063 2074 1
3940 1500 0
324 839 0
191 4313 0
2684 3252 1
3229 4016 1
3279 897 0
1008 1798 0
2289 2372 0
3514 3161 0
1215 2729 0
414 3107 0
246 3074 1
3467 3283 1
1829 2207 0
4340 3263 0
3914 3415 0
4135 2217 0
3869 1201 0
3930 150 0
1159 1481 0
397 150 0
4316 2412 0
1639 2636 1
4237 1909 1
448 450 0
2361 1374 1
4123 1981 1
720 117 0
3106 1007 0
4261 1710 1
437 2420 1
77 742 0
872 4154 1
1909 648 0
3411 454 0
3978 3029 1
3265 3538 0
3119 3736 0
1460 1835 1
2793 1042 0
2413 271 0
4132 1414 0
3517 700 0
71 3213 0
266 1355 0
3565 1387 0
1869 2794 0
2493 2174 0
85 1776 1
3131 2027 1
163 2874 0
67 2909 1
2422 2640 0
4260 2374 1
4242 1755 0
2910 1981 0
668 2607 1
2020 1199 0
3711 2429 0
2940 1735 0
667 1830 1
1654 742 0
3374 2365 0
720 2061 0
607 594 1
796 192 0
1955 63 0
2506 2050 0
4025 527 0
3240 1576 0
3942 3437 0
3156 3550 0
3300 2491 0
1057 1934 0
2486 2339 0
4110 730 1
1920 3345 0
772 3801 0
2200 2344 0
2550 4083 0
718 653 0
1295 4160 0
1052 1132 1
347 580 1
1977 3993 0
1444 3521 0
774 291 0
2261 2059 0
965 3065 0
268 2085 0
1544 1857 1
434 3149 0
4232 2085 0
408 4297 1
463 1665 0
4238 2123 1
1403 4042 0
1334 1980 0
2792 1271 0
1531 3770 0
2991 1540 1
3515 459 0
2638 1680 0
1194 1857 0
1515 4007 1
1060 2404 1
3663 3795 1
2665 915 0
1359 4154 0
323 4337 1
3194 2106 0
1313 1243 1
1406 1211 0
2054 2309 1
3943 104 0
2377 2027 1
211 2753 0
2557 2026 1
484 3992 0
4359 1160 1
4220 3216 0
4186 2374 0
2439 2650 0
3060 3570 0
227 4280 0
3312 1581 1
2198 9 0
1530 3824 0
4401 4324 0
1013 2561 0
2283 1568 1
742 3085 0
3291 3470 0
937 552 1
458 1604 0
362 2131 1
3472 1479 0
3374 3808 0
850 3746 0
3865 2260 0
3954 1706 0
1652 697 0
1583 4217 0
441 1622 0
2667 1980 0
1219 3191 1
4039 3423 0
141 3758 0
2313 1636 0
4255 3521 0
2693 509 0
2317 3663 1
1833 2683 1
1812 2240 1
834 162 0
165 257 1
1273 467 0
3680 3749 1
404 756 1
3068 740 0
375 2700 0
383 925 1
1075 2394 0
2671 4397 0
1480 1626 0
1671 4330 0
1857 2899 0
4159 3682 1
847 4233 1
489 279 0
720 1300 0
1464 2123 1
3926 3698 0
4164 3503 0
260 1025 1
931 953 0
3950 1374 0
4154 3619 1
2881 1025 1
2463 3537 0
2138 4272 0
2168 444 0
14 3601 0
3997 1360 1
1391 4021 0
3115 3002 0
1231 1442 0
2272 2026 1
1755 2186 1
641 3662 1
3147 2436 1
2512 1980 0
2918 1439 0
2101 2518 0
2034 3815 0
482 3678 0
2680 1892 0
4324 2650 0
3728 1316 1
497 1002 1
2162 1972 0
836 3210 0
2161 1173 0
3823 3497 0
848 2108 0
2465 2309 0
2403 3387 0
3559 648 0
3921 2405 1
3080 755 0
3538 3252 1
1928 1865 1
954 3666 0
344 3159 1
887 233 0
3582 572 0
1924 4029 0
3860 3410 0
1222 2962 0
3600 2134 0
396 2050 0
3954 1120 0
671 1750 1
2305 2028 1
4062 1966 1
1699 3957 0
770 1176 0
3587 3863 1
214 3584 0
1552 1010 0
2365 2793 1
3239 1269 1
4190 3447 0
2726 3594 1
2098 1799 1
2800 2656 0
378 2144 0
3450 1540 1
402 2615 0
2098 291 1
3843 2764 1
3233 1684 0
608 1002 0
371 688 0
3887 3864 1
4143 2048 1
102 2370 1
2162 2494 0
66 2436 1
2694 3702 0
578 3709 1
227 1713 0
1319 2749 0
3616 1196 0
996 1572 1
960 2514 1
767 4014 0
2853 1172 0
3090 4374 0
2621 1203 1
3293 529 0
2385 986 0
2519 3496 0
3845 2793 1
3410 536 1
2024 690 0
4116 618 1
116 260 1
3458 2181 1
4193 3731 1
3291 1089 0
3683 480 0
1446 999 0
4277 1980 0
3090 3979 1
4269 621 1
3290 2863 0
2139 3215 0
3624 3346 1
831 497 1
3088 4128 0
1933 4193 1
3854 3043 0
2170 3896 0
1995 3500 0
3820 2548 0
3838 4014 1
3233 3690 1
1993 2714 0
661 3288 0
3365 2013 1
447 2215 0
1040 789 0
872 3231 1
2868 4217 0
1511 2591 0
4324 2950 0
3355 2144 0
208 184 0
4059 350 0
3599 260 1
3440 685 1
3920 411 1
280 2461 0
2600 2801 0
3151 2027 1
1493 914 1
3062 2460 0
3308 1309 0
3877 2294 1
3786 756 0
2520 1949 0
3787 3590 0
1920 2824 1
1021 4204 0
3806 678 0
3142 2041 0
2700 262 0
2017 987 0
2402 4180 0
1355 4004 0
3182 4206 1
1537 3434 1
2582 283 0
3344 428 0
1023 1845 0
48 2894 0
17 1000 1
2624 304 1
2571 2046 1
3722 2390 0
2910 1108 0
2835 1205 0
3191 875 1
2171 734 1
2431 4254 0
856 868 0
77 1382 0
3892 3008 0
4258 2723 0
315 907 0
3320 3235 0
1262 3223 0
1850 3539 0
1608 421 0
3853 1500 0
559 2928 0
3177 3918 1
1053 1773 1
1317 433 1
2627 217 0
3061 586 0
3715 3906 0
334 1457 1
1041 3924 0
1559 1857 1
2041 4104 0
506 2850 0
1024 3392 0
2080 3395 0
2796 1079 0
3442 327 0
4231 2179 0
4202 805 0
2360 3622 0
2376 1278 0
3097 4297 0
3855 3095 1
2260 1360 1
1642 4300 0
2955 145 0
3945 1559 1
3937 3776 0
2230 4193 1
1436 4042 1
627 235 0
1053 1317 1
273 599 0
1800 4310 0
1418 1890 0
230 1365 1
1409 1457 1
183 3511 0
1736 2055 0
3556 1668 1
2058 3758 0
817 724 1
2004 2747 0
3951 1179 0
436 1928 1
1313 700 0
4001 1241 1
3906 2503 0
1226 3702 0
2526 2942 1
1700 517 1
1444 3730 0
1738 2610 1
2506 3245 0
259 3033 1
393 1374 0
1121 1837 0
169 1655 0
3495 3071 0
1745 676 0
3882 3632 1
1040 3456 0
1855 1582 0
3927 671 0
3399 3330 0
1817 1953 0
1788 1634 1
3889 1754 0
2575 888 0
17 1981 1
1091 603 0
3066 2059 0
2147 934 1
3451 243 0
3929 4237 1
4334 3272 0
1549 527 0
218 1291 1
4409 4395 1
2273 3773 0
2794 3865 0
3713 4036 0
1148 2711 0
2642 1962 0
2709 1491 0
3496 2318 0
4132 1579 1
972 3364 1
1678 1704 0
4309 1122 0
3072 1830 0
1264 1720 0
2671 1914 1
4364 2591 0
3561 4403 0
4234 4395 0
3625 695 1
3487 3787 1
4028 966 0
51 2544 0
2940 2234 0
4281 4249 0
3106 536 1
3848 2260 1
445 2217 0
1948 2294 1
4237 1466 1
1900 3850 0
767 1317 0
3875 1054 0
1509 4085 0
1538 1947 1
1087 3381 1
3873 556 0
1174 3694 0
2883 3585 0
3363 2435 0
2621 4114 1
1152 3893 0
581 615 0
2501 860 0
3333 321 1
2974 3079 1
580 2976 0
820 497 0
74 1426 1
2031 33 1
278 1505 0
2568 3459 0
1647 241 0
3508 2436 1
3134 1141 1
451 4250 0
4332 3059 0
3345 2824 0
1282 3249 0
1268 860 1
4293 2763 1
1652 1768 0
1422 2540 1
590 3286 0
2147 109 0
2205 393 0
2621 4191 0
387 2693 0
2973 3618 0
3448 1611 0
452 4015 0
1736 747 0
2804 3204 0
1932 2050 1
1087 4097 0
2464 4396 1
169 1797 1
2749 4270 1
3991 2046 1
2174 1619 0
3898 556 0
2113 297 0
2211 3218 0
473 1276 0
4193 1776 1
2283 223 0
5 1523 1
3582 835 0
2793 2420 1
551 4287 0
149 1235 0
3801 2758 0
3383 2263 1
960 2314 0
3828 2498 0
