3017 13
3340 18
3489 9
3216 17
2522 1
5 8
1995 18
1225 22
3786 11
3740 0
2572 18
1999 9
2646 8
1230 21
1604 11
2003 7
3718 17
819 2
499 5
342 22
1746 5
3273 20
1748 10
1944 21
818 1
3860 9
3278 10
16 14
2538 8
2016 18
2018 18
1518 23
977 8
1243 18
1754 13
2620 5
1965 18
3638 7
1554 7
3642 24
1250 24
3410 14
1519 18
1673 1
2464 11
1503 4
2276 1
1178 17
2221 8
3794 9
3059 8
3060 10
2929 18
1511 9
692 5
764 20
765 23
43 10
3751 10
1059 11
1252 24
2737 8
942 10
693 18
1901 1
774 21
2554 16
297 8
1016 20
775 23
1017 14
2577 8
2848 7
3649 8
3388 7
1278 2
1741 7
1535 21
66 2
3650 8
1029 0
3834 11
2067 25
3155 18
98 13
2306 19
1288 10
3687 8
2308 10
302 8
1034 0
831 18
1414 18
1040 8
2845 20
1907 23
3103 11
1299 2
1948 0
329 0
1303 4
2991 24
1382 16
915 9
3338 9
2320 17
2322 9
1483 1
2092 10
1881 8
1316 13
677 7
1505 2
3950 25
3796 25
615 8
1061 20
2101 25
1827 18
1828 17
2103 11
2341 10
1806 1
101 2
1332 8
3110 18
331 5
1576 22
3355 5
3804 8
3806 1
586 18
1310 18
1836 18
2879 18
1340 18
1592 23
2567 17
1962 18
3125 7
1842 18
339 8
1629 11
2114 17
784 16
3572 25
826 8
1822 7
810 2
316 5
119 25
3369 20
3138 25
1846 2
1088 17
933 9
1852 8
263 13
1092 21
2641 9
128 0
935 5
2373 14
3766 17
2257 22
1097 8
1341 18
2136 16
1613 17
3832 10
3383 5
275 18
140 5
787 17
847 11
669 5
2142 24
3667 24
1621 18
1101 18
3393 2
3845 14
2930 4
1645 9
2080 11
3371 23
3857 8
1978 18
1108 18
157 9
2673 8
1369 11
420 18
1383 5
2397 5
3959 8
2398 9
1113 8
3859 2
2415 8
3627 2
3468 18
3475 15
3938 22
1708 23
2937 16
389 18
379 24
792 17
3705 0
3411 4
644 21
1128 0
3635 11
174 5
2919 8
3415 18
2689 18
1899 18
2424 8
2427 4
2547 11
3179 9
3644 24
2432 2
3877 16
2045 23
1140 19
1815 17
3537 25
659 21
408 17
2701 4
1048 5
1779 18
3528 5
3630 10
1723 18
417 22
666 18
972 2
1915 9
2477 10
668 4
3662 18
2710 25
2844 4
1876 11
3035 23
1803 18
424 8
3370 8
202 18
2172 7
1155 17
2182 10
3661 8
1159 5
3906 14
213 8
1683 7
1165 4
2723 10
3239 9
2212 24
1171 5
2214 24
913 10
1176 22
686 9
2644 10
2722 5
3196 2
1905 18
3223 5
2123 9
440 9
2223 10
2224 8
1186 10
3691 18
2485 0
3228 18
2987 21
3921 2
796 10
1817 7
2226 1
699 13
949 14
2597 5
1443 11
122 0
2894 5
3495 11
2610 9
1969 1
2149 18
1509 24
2581 5
1454 23
1801 21
473 18
3700 2
245 23
3250 4
477 5
1461 14
1726 18
3253 11
720 1
2508 13
3681 10
3460 19
851 18
3930 16
474 18
3706 24
3266 9
3486 5
